File: 99763_1_00006.fits
2024-09-08T22:25:32.559
03:53:15.80 -27:18:02.97 3057.3147 249.9478 0.0848662236651924 0.05093792093898855 6.707 2.032 3047.0 243.0 3068.0 257.0
03:45:58.55 -27:20:18.28 983.3091 293.438 0.2611999031324667 0.10152793368323473 2.463 0.73 980.0 292.0 987.0 295.0
03:51:12.21 -28:17:34.66 2462.9097 1514.63 0.03617752989136419 0.009789155821652082 24.446 2.358 2422.0 1501.0 2509.0 1529.0
03:46:26.16 -29:29:59.76 1125.2913 3057.5552 0.027942511869339236 0.007715881709496461 22.842 2.238 1081.0 3044.0 1168.0 3072.0
03:48:28.52 -29:19:35.09 1693.6602 2834.1882 0.10791441750334305 0.059323752624855 5.813 1.611 1685.0 2829.0 1704.0 2840.0
03:48:54.32 -29:13:54.53 1813.7601 2713.2234 0.1831513504430315 0.0809431134964171 4.145 1.275 1807.0 2710.0 1820.0 2717.0
03:48:40.44 -29:07:26.81 1749.1771 2575.481 0.00307239309136845 0.0040800125249395944 77.311 2.72 1627.0 2459.0 1837.0 2688.0
03:44:27.96 -29:00:01.48 570.7294 2422.3391 0.06555771865602843 0.031169289590494118 7.255 2.012 559.0 2397.0 583.0 2429.0
