File: Meteor1_19R_00045.fits
2024-07-27T19:29:56.073
12:32:13.15 +61:12:49.02 2496.5996 41.7127 0.09170322341917836 0.049094499393380224 7.369 1.874 2484.0 34.0 2510.0 50.0
12:26:06.42 +61:15:26.77 1868.4709 16.127 0.12172811695457991 0.06539404238313988 7.03 1.743 1855.0 1.0 1880.0 23.0
12:22:58.46 +61:11:45.32 1546.6992 69.105 0.15107689768678087 0.0751410665308013 5.806 0.838 1537.0 64.0 1555.0 73.0
12:27:37.80 +61:09:05.39 2025.9584 105.0057 0.0817657114865443 0.04444961187500114 7.238 2.138 2013.0 97.0 2040.0 113.0
12:30:53.31 +61:08:10.12 2361.656 111.6793 0.1543312423428189 0.08091462373261563 3.999 0.726 2355.0 108.0 2369.0 115.0
12:27:51.99 +61:04:53.54 2051.1335 164.4227 0.13333022825661842 0.06752945735070344 6.329 1.272 2040.0 159.0 2062.0 170.0
12:23:34.13 +61:04:53.55 1607.6312 166.9948 0.1469928282647737 0.07090606307388488 6.47 0.886 1598.0 162.0 1618.0 172.0
12:31:44.99 +61:03:53.74 2452.083 170.0995 0.1391684596429858 0.0704378198224776 5.734 1.074 2442.0 165.0 2461.0 175.0
12:28:17.96 +61:03:04.76 2096.2083 189.5703 0.1481830331988843 0.0734941552652044 5.583 1.003 2085.0 185.0 2105.0 195.0
12:38:48.59 +60:58:44.91 3184.0654 212.7841 0.1106311864137277 0.06538694043466174 6.928 1.475 3173.0 206.0 3196.0 220.0
12:33:25.10 +61:00:42.56 2625.7739 209.9802 0.1350249237323145 0.06771225678670668 6.591 1.384 2615.0 205.0 2637.0 217.0
12:13:58.06 +61:00:54.00 613.93 203.5664 0.21872639527020965 0.08249839503511723 4.986 0.713 608.0 200.0 623.0 207.0
12:17:01.29 +60:59:55.16 929.6715 227.8578 0.15889065168844413 0.06973989080486262 6.577 1.076 919.0 223.0 941.0 233.0
12:09:46.64 +60:56:16.74 176.4964 249.1561 0.15930813220908313 0.06797798093000712 6.544 1.416 165.0 244.0 188.0 254.0
12:38:27.37 +60:55:04.43 3150.3445 267.0437 0.12931510677877556 0.06710567642952207 6.652 0.974 3140.0 262.0 3160.0 273.0
12:27:37.32 +60:58:22.35 2027.1243 257.5639 0.1741033248987263 0.08661154844792643 3.776 0.766 2021.0 254.0 2034.0 260.0
12:18:55.57 +60:56:32.38 1125.9144 280.5599 0.14607768938640142 0.0680965907362691 6.736 1.463 1114.0 275.0 1137.0 286.0
12:20:05.52 +60:56:34.46 1246.8445 282.1946 0.14478816752802767 0.07201423141833134 6.39 1.427 1236.0 277.0 1258.0 288.0
12:23:36.88 +60:54:06.51 1612.0345 320.4978 0.06957224178048728 0.037857973236467425 7.256 2.313 1597.0 312.0 1626.0 329.0
12:17:47.53 +60:51:40.35 1006.6028 347.2377 0.14383567730334415 0.07071785634538731 6.306 1.43 995.0 341.0 1018.0 353.0
12:09:21.44 +60:49:32.90 127.4708 342.4335 0.15742328631175698 0.07021912679831625 6.062 1.008 118.0 338.0 137.0 347.0
12:29:30.76 +60:51:50.11 2224.7092 347.378 0.1514574271943595 0.07024443266489115 5.962 0.993 2214.0 343.0 2234.0 352.0
12:30:34.90 +60:51:11.85 2335.9255 354.0063 0.17780743765408383 0.08355149025761857 3.109 0.502 2331.0 348.0 2349.0 356.0
12:30:17.95 +60:51:04.54 2306.635 356.4297 0.1502052059530437 0.07349564395040394 6.32 0.776 2298.0 352.0 2316.0 361.0
12:24:14.06 +60:49:47.99 1676.3579 381.8904 0.1055157334046423 0.0518016728732491 7.461 1.927 1663.0 375.0 1690.0 389.0
12:32:03.95 +60:47:38.58 2491.5835 400.4503 0.1351597331868545 0.06807293582047377 6.422 1.246 2481.0 395.0 2502.0 407.0
12:32:43.08 +60:47:02.48 2559.6938 406.9179 0.11645958345355482 0.06241599000090248 6.86 1.512 2548.0 400.0 2572.0 414.0
12:25:30.14 +60:47:10.02 1808.4325 419.032 0.13201247086723888 0.06749843740816777 7.108 1.46 1796.0 412.0 1819.0 425.0
12:31:17.77 +60:46:53.79 2411.7791 413.334 0.14182672319477926 0.0705949619221042 6.634 1.167 2401.0 408.0 2422.0 419.0
12:21:57.77 +60:46:53.05 1439.651 422.4207 0.15548376933866498 0.07705461518920755 6.373 1.013 1430.0 418.0 1450.0 428.0
12:18:04.15 +60:45:38.85 1033.3812 433.6509 0.17871315597665963 0.0856153401062859 4.777 1.166 1025.0 430.0 1042.0 437.0
12:12:45.44 +60:44:56.34 478.7163 425.4579 0.1685151890096978 0.10396422602647412 1.799 0.467 476.0 424.0 481.0 427.0
12:28:36.06 +60:44:47.21 2131.6699 449.44 0.12732030892366614 0.06636826732443324 6.603 1.323 2121.0 443.0 2143.0 455.0
12:19:04.10 +60:43:16.65 1136.9387 469.5817 0.13032441942638698 0.06605992544548535 6.479 1.714 1126.0 463.0 1148.0 476.0
12:22:38.69 +60:43:47.42 1510.4397 466.9627 0.18086699079479662 0.07854800371959562 4.583 0.877 1503.0 463.0 1518.0 470.0
12:25:05.91 +60:41:45.10 1766.5973 496.2927 0.05926127011200019 0.0333876342507711 7.398 2.32 1753.0 487.0 1782.0 505.0
12:38:19.30 +60:39:07.18 3148.5515 494.7284 0.10946258533255049 0.06123362323862834 6.797 1.503 3137.0 488.0 3160.0 501.0
12:33:07.71 +60:36:45.18 2607.3213 551.9332 0.12978569484562968 0.06463837821253379 6.516 1.193 2596.0 546.0 2617.0 558.0
12:12:03.34 +60:34:50.64 398.7542 565.7805 0.15948014080813794 0.06926470167194598 5.999 1.183 389.0 558.0 436.0 571.0
12:09:30.11 +60:34:08.34 130.1758 562.3254 0.16266477314983896 0.06656040275960011 6.237 0.814 120.0 558.0 140.0 567.0
12:23:46.54 +60:36:06.76 1628.238 576.6871 0.14747773987825463 0.06848584176315649 6.883 1.403 1616.0 571.0 1640.0 583.0
12:09:59.69 +60:34:07.51 181.9197 565.3246 0.1769079599463464 0.07510375945524389 5.28 0.849 172.0 562.0 190.0 569.0
12:22:04.39 +60:36:14.08 1449.8636 574.097 0.16210366146667793 0.07444382109953022 6.364 0.979 1439.0 569.0 1459.0 579.0
12:29:16.86 +60:35:16.44 2205.114 583.5861 0.1552727829603841 0.07555523430657561 5.561 0.846 2195.0 580.0 2214.0 588.0
12:34:58.82 +60:30:38.18 2804.5422 631.8008 0.13156347089323947 0.06888197581550061 6.189 1.076 2795.0 626.0 2815.0 637.0
12:27:13.22 +60:30:56.36 1989.9001 648.5755 0.14503794845098356 0.07083799987879141 6.612 1.363 1979.0 643.0 2001.0 654.0
12:17:00.06 +60:29:50.83 915.6718 655.6949 0.1788424353411745 0.07892477916239629 6.03 1.298 905.0 651.0 925.0 661.0
12:11:11.48 +60:28:31.99 303.5481 651.2483 0.1832013499527002 0.10096621018216179 3.589 1.008 298.0 648.0 310.0 654.0
12:15:35.10 +60:28:54.47 766.29 664.6491 0.13831918861612807 0.06730717300647932 6.265 1.248 755.0 659.0 777.0 670.0
12:25:06.32 +60:25:04.44 1767.9939 733.7064 0.15941862351893782 0.07947370659635733 5.664 1.133 1759.0 706.0 1783.0 738.0
12:14:07.70 +60:26:56.07 611.873 687.3548 0.08064238165155542 0.03715173982097851 7.181 1.682 599.0 681.0 625.0 694.0
12:18:16.38 +60:29:10.07 1049.2404 668.6536 0.18423759170877013 0.08813843699047187 3.318 0.86 1044.0 666.0 1055.0 671.0
12:19:12.61 +60:26:51.47 1147.1906 703.5502 0.14600491261065832 0.07239167462825447 6.137 1.2 1137.0 694.0 1174.0 709.0
12:13:03.64 +60:24:31.92 497.911 717.0619 0.11521556256855603 0.05199839610300937 6.748 1.522 486.0 711.0 510.0 723.0
12:09:57.83 +60:24:05.04 170.8154 707.9163 0.19501860597947837 0.08778531741891042 5.022 0.973 163.0 704.0 180.0 711.0
12:11:00.34 +60:22:55.09 279.9267 730.1396 0.1663208478200162 0.06739892737145585 6.992 1.22 268.0 725.0 292.0 735.0
12:19:23.58 +60:24:48.32 1165.8777 733.1168 0.1774153201168239 0.0839394485150837 3.908 0.776 1160.0 730.0 1172.0 736.0
12:15:59.07 +60:22:40.63 805.4916 754.6325 0.1445949041035395 0.0669778692788047 6.528 1.533 793.0 749.0 816.0 760.0
12:14:21.00 +60:22:31.58 632.8281 750.9422 0.16451605767921126 0.06963192329138003 5.468 0.822 622.0 747.0 642.0 755.0
12:31:28.04 +60:21:54.00 2439.2178 768.6445 0.12349289651068365 0.06441309685828088 6.478 1.469 2428.0 763.0 2450.0 775.0
12:18:23.77 +60:21:17.60 1059.6361 781.0134 0.06446408238335855 0.0339267331925199 6.68 2.06 1046.0 774.0 1072.0 789.0
12:18:56.75 +60:21:50.34 1117.8593 774.4489 0.15817285293191796 0.07135101934108111 6.146 1.072 1108.0 769.0 1129.0 779.0
12:25:46.88 +60:20:45.05 1839.5153 794.9254 0.15462133173012743 0.0807672238003416 5.031 1.19 1831.0 790.0 1849.0 799.0
12:09:45.11 +60:16:24.02 142.325 815.9659 0.17947855386783107 0.07604210948370152 5.714 1.257 132.0 812.0 152.0 821.0
12:33:21.09 +60:16:49.75 2640.3083 834.7156 0.11338082003467459 0.06194086991082866 6.639 1.496 2629.0 828.0 2651.0 841.0
12:18:05.95 +60:17:56.24 1027.1001 828.0786 0.14863465550109453 0.0675962582445493 6.455 1.194 1016.0 823.0 1038.0 833.0
12:29:20.70 +60:17:39.38 2216.5171 834.2585 0.14216858183626424 0.07025778078890822 6.468 1.273 2206.0 829.0 2227.0 840.0
12:22:50.23 +60:06:13.16 1527.3149 1001.9318 0.06194210571097341 0.032917396366280854 7.022 2.118 1513.0 995.0 1541.0 1010.0
12:24:38.13 +58:47:33.16 1717.9927 2123.1201 0.1403130508873843 0.06238997626733264 6.73 1.619 1705.0 2117.0 1729.0 2128.0
12:31:58.79 +58:53:22.50 2528.05 2028.0427 0.1263868448761356 0.061806090092916204 7.291 1.578 2516.0 2022.0 2541.0 2035.0
12:35:22.05 +58:54:13.52 2900.8853 2002.9569 0.13407965381877712 0.06914356300233293 6.43 1.065 2890.0 1998.0 2911.0 2009.0
12:29:32.68 +58:55:52.22 2258.9751 1998.8981 0.1666793069934109 0.07622568987642707 5.675 1.103 2249.0 1995.0 2268.0 2004.0
12:22:21.02 +58:56:24.27 1466.3937 1996.1902 0.13656543957445072 0.0647705888916443 6.309 0.977 1456.0 1991.0 1477.0 2001.0
12:28:06.85 +58:56:32.77 2101.2964 1991.9169 0.12377425440695168 0.06224138457625482 7.099 1.862 2089.0 1985.0 2114.0 1999.0
12:29:59.36 +58:57:09.63 2307.5859 1979.5128 0.12129138636302099 0.0630606153596299 6.897 1.782 2295.0 1973.0 2320.0 1986.0
12:12:06.03 +58:55:29.81 335.8284 1979.7677 0.14720647014966146 0.0638231105706633 6.705 1.315 325.0 1974.0 348.0 1985.0
12:15:08.10 +58:56:48.65 671.2867 1974.1884 0.10307582652185884 0.046325467410205816 6.741 1.506 660.0 1968.0 684.0 1980.0
12:11:49.96 +58:56:21.15 306.8836 1966.2402 0.13931584855969767 0.06095752643816038 6.999 1.493 295.0 1960.0 319.0 1972.0
12:16:21.89 +58:58:07.26 807.4695 1959.7787 0.15976238891341057 0.06587209370335223 5.382 0.757 798.0 1956.0 816.0 1963.0
12:32:19.65 +58:59:59.36 2563.7283 1932.644 0.13641927520602376 0.06868789638490738 6.716 1.475 2552.0 1926.0 2575.0 1938.0
12:10:05.30 +59:00:14.89 117.6477 1901.3367 0.15777336141259546 0.06926274116007378 6.084 1.099 107.0 1897.0 129.0 1906.0
12:25:49.18 +59:05:18.45 1848.2076 1869.5367 0.14313644378673793 0.07181758655375697 6.09 0.99 1839.0 1864.0 1859.0 1875.0
12:35:01.30 +59:04:06.53 2857.4192 1863.6444 0.11272186457746255 0.05922730301048195 6.881 1.562 2845.0 1857.0 2869.0 1870.0
12:32:35.19 +59:04:47.81 2590.1968 1863.2648 0.15399758331948765 0.07241182772157623 6.65 1.022 2580.0 1858.0 2600.0 1869.0
12:21:30.23 +59:07:20.39 1375.1548 1839.52 0.1448348271992887 0.06299255403356559 6.272 0.816 1365.0 1835.0 1385.0 1844.0
12:26:15.91 +59:08:19.77 1896.8379 1826.142 0.16364674701376092 0.07492209109555555 5.853 0.966 1885.0 1822.0 1905.0 1831.0
12:11:05.45 +59:05:57.31 232.2844 1825.6414 0.1493504628516109 0.06398117653809653 6.602 1.388 221.0 1820.0 244.0 1831.0
12:32:57.67 +59:11:40.07 2628.2615 1764.0588 0.12532908800882198 0.06304883249912806 6.882 1.496 2617.0 1758.0 2640.0 1770.0
12:30:32.53 +59:13:30.17 2363.4495 1745.2429 0.13001851107801882 0.06517862063210947 7.055 1.489 2352.0 1739.0 2375.0 1752.0
12:27:01.39 +59:09:59.13 1979.6393 1801.8097 0.13159670819889055 0.06516597020337983 6.939 1.252 1968.0 1796.0 1990.0 1808.0
12:35:03.02 +60:14:26.05 2821.1794 862.0848 0.15852294423298816 0.08225264158394603 4.026 0.626 2815.0 859.0 2827.0 865.0
12:26:26.19 +59:16:12.75 1914.9377 1713.6526 0.14193302450754672 0.06949273682584646 6.076 1.282 1904.0 1708.0 1926.0 1719.0
12:15:20.05 +59:11:28.57 700.8625 1765.9969 0.1511753023207366 0.0613827165129911 6.077 0.687 691.0 1762.0 710.0 1770.0
12:17:28.10 +59:15:02.13 935.8459 1722.0741 0.149188805634308 0.0639174306953242 6.32 1.132 925.0 1717.0 946.0 1727.0
12:11:15.42 +59:17:10.01 258.795 1666.9066 0.1475932043871036 0.06776131573526072 6.168 1.563 248.0 1662.0 270.0 1672.0
12:32:31.69 +59:11:48.35 2580.9082 1763.5796 0.1873126274339383 0.09769385057075555 3.645 1.121 2575.0 1760.0 2587.0 1767.0
12:12:33.05 +59:24:32.40 404.9278 1568.3903 0.1708076838445748 0.07558851059536341 3.576 0.55 399.0 1566.0 410.0 1571.0
12:32:26.53 +59:24:00.59 2566.5081 1589.9879 0.1373627799132958 0.06888485206569547 6.324 1.318 2555.0 1584.0 2578.0 1596.0
12:22:19.00 +59:23:36.61 1466.4832 1608.4473 0.06975566851970243 0.0517500055537462 15.948 2.162 1442.0 1591.0 1493.0 1628.0
12:29:28.50 +59:24:51.69 2244.1067 1585.873 0.12824260100790788 0.06521199828552442 7.005 1.587 2232.0 1579.0 2256.0 1592.0
12:24:33.42 +59:24:21.94 1710.0405 1598.4176 0.19278840892716073 0.09615077926314575 2.61 0.558 1698.0 1596.0 1714.0 1604.0
12:33:48.95 +59:24:59.04 2715.1313 1571.1945 0.14407923669084427 0.07110433485731232 6.159 1.138 2705.0 1566.0 2725.0 1577.0
12:10:22.88 +59:30:54.83 173.9504 1466.519 0.19545540982166162 0.08622275720522049 3.103 0.649 169.0 1464.0 179.0 1469.0
12:11:14.76 +59:24:03.59 262.669 1568.7333 0.1584063533262062 0.06442963281985635 6.135 1.067 253.0 1564.0 273.0 1573.0
12:11:08.81 +60:12:12.25 287.1012 883.2453 0.16029202313555374 0.06778302766360395 6.063 1.098 277.0 879.0 298.0 888.0
12:29:52.59 +59:28:16.86 2286.7451 1536.2799 0.1269281157219239 0.06359191502020868 6.486 1.492 2275.0 1530.0 2298.0 1542.0
12:09:42.09 +59:25:44.92 96.035 1536.1316 0.1704995761471055 0.0938170105599691 2.808 0.611 91.0 1534.0 100.0 1538.0
12:09:59.63 +60:11:16.78 163.9574 890.1561 0.16446556488467332 0.07308098545478628 6.097 1.326 152.0 885.0 174.0 895.0
12:36:24.05 +59:29:10.71 2992.8713 1500.1509 0.06029542851313314 0.034944566628847575 7.284 2.155 2979.0 1492.0 3007.0 1509.0
12:24:29.31 +59:30:58.07 1702.6936 1504.3644 0.13477465936527394 0.06144486322356442 6.842 1.178 1692.0 1499.0 1714.0 1510.0
12:25:21.78 +59:33:50.78 1797.3141 1463.1178 0.09597830674729753 0.048344856239274675 7.186 1.718 1785.0 1456.0 1811.0 1470.0
12:20:34.43 +60:12:22.06 1287.7711 912.1381 0.14362860974535568 0.06711749511712113 6.774 1.149 1276.0 907.0 1298.0 918.0
12:29:07.05 +60:11:52.47 2193.9336 917.0283 0.1362837662257178 0.06912271386171873 6.661 1.575 2184.0 911.0 2206.0 924.0
12:33:56.69 +59:36:26.79 2723.4382 1407.4364 0.17979889305613161 0.09825434717522524 3.922 1.019 2715.0 1401.0 2735.0 1411.0
12:22:07.48 +59:36:19.51 1447.4362 1427.1569 0.151266509262678 0.06643597335576293 6.201 1.078 1436.0 1422.0 1457.0 1432.0
12:30:24.48 +59:38:39.30 2341.1594 1387.2424 0.19283973395370413 0.08453496134448547 5.993 1.153 2331.0 1383.0 2350.0 1392.0
12:34:09.55 +59:44:06.96 2742.6233 1297.3752 0.11131070111216855 0.060766003664155584 7.128 1.928 2730.0 1290.0 2755.0 1305.0
12:19:18.68 +59:40:05.24 1144.5638 1369.6021 0.15092298082803443 0.06567074040085304 6.118 0.852 1135.0 1365.0 1154.0 1374.0
12:13:02.12 +59:43:07.10 469.4031 1306.1812 0.09501205874561167 0.04336702242955947 6.409 1.516 458.0 1300.0 482.0 1312.0
12:25:08.79 +59:42:10.79 1773.7052 1344.496 0.15383000709401376 0.07616811195633906 5.149 1.045 1765.0 1340.0 1782.0 1349.0
12:31:06.02 +59:43:29.13 2414.1245 1316.6335 0.17415097311665176 0.0971858143570389 2.81 0.575 2410.0 1314.0 2419.0 1319.0
12:11:55.37 +59:41:45.04 348.5893 1320.4071 0.11745527154345697 0.052663829005354754 6.11 1.462 337.0 1315.0 361.0 1326.0
12:28:25.69 +59:42:53.09 2126.8525 1331.1039 0.17964877069798377 0.09399696088299304 3.507 0.988 2121.0 1328.0 2133.0 1334.0
12:21:56.15 +59:47:06.68 1428.64 1273.3663 0.14637686634180522 0.06613455764923046 6.066 1.052 1418.0 1269.0 1439.0 1279.0
12:10:51.51 +60:09:18.73 254.3488 922.866 0.16298053379293084 0.07137347852842595 6.393 1.398 243.0 918.0 265.0 928.0
12:10:26.81 +60:07:45.83 209.3939 942.672 0.15920723166289122 0.06977103238753672 6.017 1.35 198.0 938.0 220.0 947.0
12:28:03.22 +59:48:28.61 2085.5447 1252.0563 0.13106345628361504 0.08755218160247105 7.187 2.078 2074.0 1244.0 2098.0 1262.0
12:29:01.00 +59:48:55.12 2188.7605 1244.108 0.21357046478839165 0.10527807285886052 2.6 0.818 2185.0 1242.0 2193.0 1246.0
12:10:21.67 +60:06:28.63 199.2902 960.4991 0.13545015841921507 0.06437702131177397 6.727 1.534 187.0 954.0 211.0 966.0
12:13:12.89 +59:48:38.51 492.1769 1228.3713 0.15752481768621177 0.06441997972528721 5.912 0.838 482.0 1224.0 502.0 1232.0
12:25:02.84 +59:51:31.23 1762.8361 1211.4924 0.2225194980613459 0.08462778299304799 2.823 0.56 1758.0 1210.0 1767.0 1213.0
12:16:26.98 +60:00:57.13 845.1234 1065.2871 0.1524136145585244 0.07131590125848378 5.435 0.934 835.0 1061.0 854.0 1069.0
12:38:18.21 +60:00:40.83 3175.4795 1041.7203 0.1151944696893899 0.061343748259326245 6.419 1.283 3165.0 1036.0 3186.0 1048.0
12:16:19.79 +60:05:32.84 834.3794 999.5101 0.15227111260973594 0.07064539661192737 5.569 1.018 824.0 995.0 843.0 1004.0
12:19:17.74 +60:02:59.80 1149.4999 1043.3733 0.15014422649646778 0.070732608627085 6.016 1.265 1138.0 1038.0 1160.0 1048.0
12:10:42.82 +59:58:02.06 230.4994 1082.5028 0.2780934944027858 0.09276126542603795 1.483 0.468 212.0 1082.0 233.0 1090.0
12:19:44.85 +59:57:10.51 1196.1393 1127.0995 0.16992207478223212 0.08625607704904562 2.664 0.526 1192.0 1125.0 1200.0 1129.0
12:11:11.92 +59:52:24.69 278.2809 1165.0553 0.16191248432312363 0.0700772224474361 6.407 1.086 267.0 1160.0 288.0 1170.0
12:28:48.10 +59:55:13.22 2164.2737 1154.7668 0.14130076510246226 0.07424960841857506 5.581 1.203 2142.0 1150.0 2173.0 1177.0
12:32:15.94 +59:55:05.25 2534.6211 1147.9465 0.12796417078951478 0.06628274938666945 6.834 1.181 2523.0 1142.0 2546.0 1154.0
12:21:43.30 +59:57:11.61 1407.2211 1129.5869 0.1743306983560728 0.0950095715088391 2.843 0.762 1403.0 1123.0 1422.0 1132.0
12:17:54.13 +59:58:42.00 999.3535 1101.4204 0.16672123048690654 0.07098506883891197 5.622 0.866 990.0 1097.0 1009.0 1105.0
12:18:33.54 +59:59:18.74 1069.759 1094.2711 0.13889420737423486 0.06543937877513642 6.726 1.248 1059.0 1089.0 1082.0 1100.0
12:36:04.79 +60:03:46.52 2936.759 1009.1525 0.13980066083366566 0.06999288943357865 6.187 1.031 2927.0 1004.0 2947.0 1014.0
12:23:49.06 +60:05:57.07 1631.6211 1006.0962 0.08801408647918897 0.04433354132216736 7.309 1.921 1619.0 999.0 1647.0 1013.0
