File: Meteor1_19R_00001.fits
2024-07-27T19:29:46.843
12:14:01.74 +59:32:08.41 1548.498 1043.8621 0.03740515469489838 0.031065324955537914 2.045 1.757 1544.0 1040.0 1554.0 1048.0
#Second cluster:
12:22:04.45 +60:36:18.25 2397.6475 120.3495 0.1396271557298435 0.08633441354284353 4.366 0.799 2389.0 117.0 2404.0 125.0
12:12:52.97 +60:35:53.10 1433.8129 135.0917 0.21968219245631776 0.13743768034290582 1.214 0.733 1432.0 134.0 1436.0 136.0
12:08:10.21 +60:29:58.18 937.1663 210.7143 0.14800943754839258 0.09704846277385311 5.777 2.149 926.0 204.0 946.0 218.0
12:24:45.10 +60:14:10.51 2688.8296 426.6262 0.17369151628466756 0.14925981624039908 1.33 0.736 2687.0 425.0 2691.0 428.0
12:25:04.66 +59:51:36.49 2734.6008 746.6065 0.13477273766745795 0.07866732308353443 5.937 0.934 2726.0 741.0 2744.0 752.0
12:28:04.08 +59:48:31.79 3057.1396 776.408 0.12925877912167819 0.08241754820549896 5.731 1.256 3049.0 770.0 3068.0 782.0
12:06:04.81 +59:33:42.42 688.826 1005.1141 0.15998419178311857 0.06885511009094263 6.054 0.862 680.0 1000.0 700.0 1009.0
12:24:26.40 +58:19:01.77 2710.5112 2065.9915 0.19261809744570718 0.14565295736423597 1.083 0.669 2703.0 2065.0 2712.0 2070.0
12:22:08.26 +58:26:03.64 2449.8804 1973.9285 0.20164323198778877 0.10567734066675039 2.567 0.894 2445.0 1972.0 2454.0 1976.0
12:03:54.82 +58:51:31.52 428.9099 1596.1282 0.15396189652830206 0.06565014622541698 5.816 0.546 421.0 1592.0 438.0 1600.0
12:23:40.53 +59:06:37.38 2603.697 1392.0243 0.16511675244383325 0.13092290518594407 2.259 1.133 2593.0 1389.0 2607.0 1398.0
12:05:27.33 +58:59:17.23 603.1409 1492.4025 0.20480712104128906 0.08982257355159674 2.556 0.603 599.0 1491.0 608.0 1494.0
12:22:04.94 +59:06:38.67 2429.126 1396.8506 0.22555326290182834 0.11483042315731067 1.552 0.635 2427.0 1396.0 2432.0 1398.0
12:04:51.10 +59:12:49.11 544.2584 1297.4463 0.1640771132178493 0.06298063440425865 5.321 0.582 536.0 1294.0 553.0 1301.0
