File: Meteor1_19R_00010.fits
2024-07-27T19:29:48.661
#Second cluster:
12:12:51.27 +60:45:13.05 1252.5991 88.2019 0.24984927703911738 0.10962743655424624 1.81 0.616 1237 87 1255 95
12:06:30.85 +60:41:55.80 589.197 117.4011 0.16589283036978783 0.12622148236330297 1.608 0.698 587 116 592 119
12:04:25.07 +60:40:16.07 368.9756 131.7355 0.2846318385796616 0.1279745127997708 2.201 0.942 365 130 372 133
12:12:28.89 +60:35:46.30 1211.205 222.0975 0.1592070097154443 0.1257880244084141 1.893 0.7 1208 220 1214 224
12:26:44.58 +58:26:28.54 2772.6584 2046.4398 0.17633626688738097 0.11627609844485944 1.747 0.814 2759 2045 2776 2054
12:12:31.95 +59:24:30.15 1198.5808 1236.5609 0.1443298699096028 0.06736551874735255 3.785 0.434 1193 1234 1205 1239
12:15:44.81 +59:38:15.56 1548.8833 1044.2506 0.03500723162190508 0.03171233182886011 2.0 1.793 1545 1040 1554 1049
