File: Meteor1_19R_00050.fits
2024-07-27T19:29:57.049
12:20:27.80 +61:18:31.70 1185.4167 16.3236 0.034552927941192156 0.019752830637155105 7.082 2.261 1171.0 8.0 1201.0 26.0
12:27:29.24 +61:18:49.98 1905.7113 15.2028 0.17217887086125624 0.07184833248345374 4.96 0.721 1897.0 12.0 1913.0 19.0
12:31:05.23 +61:16:21.96 2275.51 44.488 0.12626979283394787 0.06829331442961782 6.132 1.172 2265.0 39.0 2285.0 50.0
12:24:42.26 +61:17:40.50 1620.3398 32.7345 0.1797874145188093 0.0867124965047914 3.737 0.642 1615.0 30.0 1627.0 36.0
12:27:10.75 +61:16:26.10 1874.3701 49.6222 0.14571790614740418 0.07344769424684047 5.744 1.003 1866.0 44.0 1884.0 54.0
12:26:06.44 +61:15:27.08 1764.3672 64.2633 0.12491886811949715 0.06142251223364498 7.15 1.637 1752.0 58.0 1777.0 71.0
12:32:12.33 +61:12:45.00 2391.5981 93.1331 0.09225791048682797 0.05110628048354499 7.004 1.852 2379.0 86.0 2404.0 100.0
12:22:58.41 +61:11:45.12 1441.9956 116.2014 0.15983508412504227 0.0725442078774791 6.438 0.967 1432.0 111.0 1452.0 121.0
12:27:37.70 +61:09:04.81 1921.3678 153.9817 0.08271145811654955 0.04483152491733707 7.464 2.183 1908.0 146.0 1936.0 162.0
12:13:37.23 +61:08:33.04 477.2909 136.5548 0.1726914829149011 0.08738578291445921 4.187 1.051 470.0 133.0 484.0 140.0
12:33:23.79 +61:08:18.86 2515.9451 152.7165 0.1725583019417197 0.09504230716349518 3.103 0.631 2512.0 150.0 2521.0 155.0
12:30:55.83 +61:08:18.85 2261.8157 159.526 0.1765077809385208 0.08438455008612819 3.351 0.73 2256.0 157.0 2267.0 162.0
12:38:58.35 +61:01:42.48 3095.1584 222.5226 0.04886304044513797 0.027985141595455097 6.807 1.99 3082.0 215.0 3109.0 231.0
12:27:51.25 +61:04:49.84 1945.1959 214.2759 0.1395755454562822 0.06644141345925052 6.468 1.32 1935.0 209.0 1957.0 220.0
12:23:33.78 +61:04:51.93 1502.0088 214.7114 0.1481666203318026 0.06935665026083859 6.235 1.008 1492.0 210.0 1513.0 219.0
12:31:44.32 +61:03:50.74 2346.6221 221.1983 0.1339808164030258 0.06606959935792263 6.376 1.142 2336.0 216.0 2358.0 227.0
12:28:17.66 +61:03:04.47 1990.9263 238.7805 0.14160276646340464 0.07555741253704536 5.002 0.996 1982.0 235.0 1999.0 244.0
12:33:24.39 +61:00:41.19 2520.2527 261.3087 0.12727610213272814 0.06857728313803925 6.54 1.428 2509.0 256.0 2531.0 268.0
12:13:56.11 +61:00:47.72 504.9837 248.3101 0.2261956050800945 0.10319225090954315 2.12 0.679 501.0 247.0 508.0 250.0
12:38:47.98 +60:58:42.24 3079.4487 266.2189 0.1416277165324027 0.07057275494121142 5.133 0.948 3071.0 262.0 3088.0 271.0
12:17:01.12 +60:59:54.37 823.7786 272.7507 0.1532660198852742 0.07330468201466284 5.612 1.126 814.0 268.0 834.0 277.0
12:09:46.78 +60:56:17.49 71.0815 290.5323 0.15884051298126278 0.06519418772003541 6.184 1.059 60.0 286.0 81.0 295.0
12:27:35.48 +60:58:16.22 1918.8104 307.9741 0.16076343526719056 0.08191335204560304 4.532 0.948 1912.0 304.0 1928.0 312.0
12:18:55.46 +60:56:30.95 1019.9594 326.4248 0.14356657636207668 0.07180253378422836 6.556 1.598 1009.0 320.0 1031.0 332.0
12:39:35.18 +60:53:02.43 3165.1653 342.4608 0.04647886042340665 0.027348324433233505 7.454 2.17 3152.0 333.0 3180.0 351.0
12:20:05.02 +60:56:33.52 1140.2566 328.4109 0.13994287494266205 0.06790393678126176 6.601 1.386 1130.0 323.0 1152.0 335.0
12:38:25.44 +60:54:57.90 3043.1726 321.4384 0.14080287219521864 0.07141937131131831 5.794 0.818 3034.0 317.0 3052.0 326.0
12:23:36.77 +60:54:05.39 1506.1213 368.1969 0.06375590897223156 0.0358674520154759 7.228 2.293 1492.0 360.0 1521.0 377.0
12:17:47.85 +60:51:41.89 901.09 391.9715 0.14965118984362283 0.07000919981332293 6.82 1.359 889.0 386.0 913.0 398.0
12:29:29.89 +60:51:47.32 2117.7966 397.7388 0.14025201300065962 0.07254913328497668 5.881 1.033 2108.0 393.0 2127.0 403.0
12:30:17.84 +60:51:04.57 2201.0681 406.3882 0.13516396792452173 0.07064345752887191 5.813 0.968 2192.0 401.0 2211.0 411.0
12:30:38.17 +60:51:21.80 2236.2175 401.5898 0.16584062636287736 0.07473764322670218 5.648 0.872 2227.0 398.0 2245.0 406.0
12:24:14.27 +60:49:48.74 1570.7428 429.4182 0.09929037560967552 0.05183799141531315 7.254 2.087 1558.0 422.0 1585.0 437.0
12:32:03.94 +60:47:38.30 2386.1541 451.1346 0.13073039205244766 0.0644497819189914 6.674 1.241 2375.0 445.0 2397.0 457.0
12:32:42.63 +60:47:00.65 2453.5527 458.2248 0.12076583940373284 0.061813953684010416 7.114 1.567 2441.0 451.0 2465.0 465.0
12:25:30.21 +60:47:09.71 1702.4958 467.3166 0.1390424326333417 0.0680390193190422 6.693 1.527 1690.0 461.0 1713.0 473.0
12:31:17.15 +60:46:51.22 2305.158 464.3199 0.13345228343298318 0.06793876476658485 6.494 1.153 2294.0 459.0 2316.0 470.0
12:21:58.80 +60:46:53.84 1335.1766 469.0797 0.18097930512466523 0.08201094668241947 5.59 1.147 1325.0 465.0 1343.0 474.0
12:28:35.91 +60:44:47.09 2025.4365 498.8666 0.127974387045986 0.06447792325982563 6.895 1.303 2014.0 493.0 2037.0 505.0
12:19:04.27 +60:43:18.26 1030.6752 514.8632 0.14040782975821806 0.06461701301521902 6.778 1.637 1019.0 509.0 1042.0 521.0
12:22:38.35 +60:43:46.61 1403.4281 514.2618 0.1531698566767585 0.07301219244058718 6.12 1.175 1393.0 509.0 1414.0 519.0
12:25:06.50 +60:41:45.28 1661.1945 544.3399 0.06326200346307984 0.03471837572097823 7.48 2.295 1647.0 536.0 1676.0 553.0
12:38:18.08 +60:39:03.38 3041.353 548.5281 0.11647103667785962 0.05965019071839079 7.041 1.29 3030.0 542.0 3053.0 555.0
12:12:57.53 +60:36:08.63 387.4288 594.4799 0.1860341325699637 0.07527519397698433 6.592 1.042 376.0 590.0 397.0 599.0
12:33:06.87 +60:36:42.20 2499.8398 603.7615 0.12767549414985732 0.06459118175088069 7.016 1.314 2489.0 598.0 2511.0 610.0
12:12:03.47 +60:34:50.35 292.0327 608.4879 0.17069223688918755 0.07294877523097483 6.131 1.374 280.0 604.0 302.0 613.0
12:12:26.69 +60:35:31.48 333.1207 600.7331 0.21685408760310337 0.1329545564905982 3.116 0.996 329.0 598.0 338.0 604.0
12:22:03.86 +60:36:13.11 1342.0134 621.241 0.1446148609907365 0.08153122488758642 5.757 1.136 1333.0 615.0 1351.0 627.0
12:23:46.72 +60:36:09.04 1521.6953 623.7527 0.15001291854369608 0.07145582827593178 6.706 1.314 1509.0 618.0 1532.0 630.0
12:29:15.66 +60:35:12.23 2096.4797 634.3264 0.14621423844469966 0.0738244449280495 5.808 0.839 2088.0 630.0 2106.0 639.0
12:34:58.18 +60:30:36.60 2697.1902 683.9756 0.12411480491902148 0.06819829203171765 6.68 1.213 2687.0 678.0 2708.0 690.0
12:27:13.13 +60:30:56.69 1882.7393 697.4653 0.14549833333377607 0.07255304759930499 6.555 1.354 1872.0 691.0 1893.0 703.0
12:16:59.64 +60:29:47.86 807.5537 701.205 0.16684979211355178 0.0743197249496995 5.278 0.962 798.0 697.0 816.0 706.0
12:11:15.01 +60:28:43.77 202.6508 691.0263 0.24745714218558254 0.09400260881540105 3.894 0.982 197.0 689.0 209.0 694.0
12:15:35.07 +60:28:54.97 658.8455 708.742 0.14498645942255675 0.06484065866745978 6.732 1.316 647.0 703.0 670.0 714.0
12:14:07.12 +60:26:54.62 503.3863 731.2295 0.08272546632363052 0.037884792107004704 7.375 2.011 490.0 724.0 518.0 739.0
12:19:12.10 +60:26:49.20 1038.7391 749.8458 0.15091024581590223 0.07361962081830475 6.261 1.277 1028.0 744.0 1050.0 755.0
12:13:03.80 +60:24:32.01 390.6406 760.1504 0.1066270364494558 0.04879524181525962 7.004 1.808 378.0 754.0 404.0 766.0
12:11:00.40 +60:22:54.76 172.495 772.3808 0.1693620598820432 0.07328483709733806 6.001 1.264 162.0 767.0 183.0 777.0
12:19:23.05 +60:24:46.33 1057.2819 779.4296 0.16105367129751533 0.07697764106925795 5.526 1.237 1046.0 775.0 1066.0 784.0
12:14:10.49 +60:23:08.91 507.0062 785.0013 0.1586081225810145 0.0689269256881904 6.374 1.112 497.0 780.0 518.0 790.0
12:14:20.32 +60:22:28.27 523.8884 795.3572 0.14618183409104177 0.063784162792362 6.696 1.515 512.0 790.0 536.0 801.0
12:15:58.47 +60:22:38.99 696.6552 799.3859 0.14887765102805822 0.0644358253848484 6.829 1.421 685.0 794.0 708.0 805.0
12:39:24.01 +60:20:08.33 3170.2305 811.797 0.12446077496616417 0.06225830621778998 5.95 0.874 3161.0 807.0 3180.0 817.0
12:31:27.38 +60:21:52.50 2330.8271 819.618 0.1243731262848691 0.06477340145409187 6.613 1.475 2320.0 814.0 2342.0 826.0
12:18:23.36 +60:21:15.73 951.0199 826.886 0.06924845770989826 0.033847340053981656 6.872 1.972 938.0 820.0 966.0 834.0
12:18:57.12 +60:21:50.89 1010.6699 820.0132 0.15690028501121128 0.06907906120963568 6.07 1.107 1001.0 815.0 1021.0 825.0
12:30:09.93 +60:21:42.65 2194.6165 824.8546 0.17092975739094554 0.09750855202739944 3.389 0.854 2190.0 821.0 2202.0 828.0
12:25:48.88 +60:20:51.40 1735.3081 841.8745 0.14741431856094853 0.0796501546992295 4.527 0.835 1728.0 838.0 1743.0 846.0
12:17:24.51 +60:09:27.31 842.2288 992.0793 0.17562778610857696 0.09603777593671646 3.355 0.839 829.0 989.0 848.0 998.0
12:19:40.67 +58:50:37.77 1057.3737 2120.813 0.15977568413093324 0.0706981833188835 6.435 1.123 1047.0 2116.0 1068.0 2126.0
12:30:55.32 +58:52:09.17 2298.8862 2099.0896 0.17345100046745818 0.0811799566933492 6.132 0.848 2290.0 2094.0 2308.0 2103.0
12:31:59.42 +58:53:23.59 2416.3594 2078.6965 0.12141973580047281 0.06293081771181312 7.074 1.573 2404.0 2072.0 2428.0 2085.0
12:14:40.86 +58:53:10.28 506.9016 2067.877 0.20090141773721684 0.0993951816644057 2.735 0.836 503.0 2066.0 512.0 2070.0
12:35:22.13 +58:54:10.67 2788.4622 2055.8301 0.13875445533616765 0.06819930706473364 6.495 1.075 2778.0 2050.0 2799.0 2061.0
12:29:33.01 +58:55:51.27 2146.8169 2049.1221 0.16184895822370968 0.07829233371771775 6.45 1.268 2136.0 2043.0 2157.0 2054.0
12:28:07.22 +58:56:33.18 1989.2274 2041.2517 0.12454994234395188 0.06097460092679396 7.14 1.786 1977.0 2035.0 2002.0 2048.0
12:22:21.28 +58:56:25.42 1354.194 2042.9648 0.13694687282245313 0.06085019700190372 6.214 0.893 1344.0 2038.0 1365.0 2048.0
12:29:59.33 +58:57:09.39 2194.8525 2029.7544 0.12026844820610065 0.060155776565180306 7.409 1.729 2182.0 2023.0 2208.0 2037.0
12:12:06.17 +58:55:30.40 224.1905 2021.9847 0.14500224945546927 0.05994752452225999 7.1 1.448 212.0 2016.0 237.0 2028.0
12:15:08.43 +58:56:48.86 559.7201 2017.9613 0.1062425310598445 0.04641294278460239 6.878 1.544 547.0 2012.0 571.0 2024.0
12:37:53.23 +58:56:28.47 3064.4968 2011.3372 0.13769192991138862 0.06805567178460738 6.127 0.92 3055.0 2006.0 3075.0 2017.0
12:11:49.46 +58:56:20.29 194.1257 2008.6195 0.1439667605531501 0.05981631575383073 7.108 1.552 182.0 1994.0 231.0 2014.0
12:16:21.35 +58:58:06.41 694.2379 2004.3267 0.14539132334700478 0.059691217330640464 5.686 0.532 686.0 2001.0 703.0 2008.0
12:32:19.55 +58:59:59.39 2451.1335 1983.728 0.13101370706515422 0.06700689804179438 6.978 1.351 2440.0 1977.0 2463.0 1990.0
12:11:43.25 +59:00:37.19 185.9795 1947.0955 0.219760264193248 0.09378919540418257 1.847 0.485 183.0 1946.0 189.0 1948.0
12:35:01.10 +59:04:06.19 2745.0518 1915.8262 0.11798271333257422 0.06047428250702191 7.092 1.46 2734.0 1909.0 2757.0 1922.0
12:25:50.00 +59:05:20.59 1737.4501 1917.5615 0.14682480161091724 0.07275155776325633 5.713 0.947 1729.0 1912.0 1747.0 1922.0
12:21:30.27 +59:07:20.71 1263.1713 1886.1681 0.1517529307738485 0.06348297915031774 6.354 0.956 1253.0 1882.0 1274.0 1891.0
12:26:15.59 +59:08:19.01 1784.1613 1875.052 0.15954024715832016 0.07756927217246966 5.884 1.039 1773.0 1870.0 1793.0 1880.0
12:11:04.96 +59:05:55.79 120.0536 1867.8853 0.1490428995959536 0.06150439535417235 6.81 1.376 109.0 1863.0 132.0 1873.0
12:27:01.08 +59:09:56.99 1867.0892 1851.3579 0.14336075556420472 0.06775171933411937 6.663 1.165 1857.0 1846.0 1878.0 1857.0
12:15:18.98 +59:11:24.21 587.4055 1810.9417 0.1669779067045483 0.06576885298419784 4.931 0.681 580.0 1808.0 596.0 1814.0
12:33:21.33 +60:16:50.10 2533.3411 885.9109 0.11962340393480127 0.060953064736265945 7.155 1.607 2521.0 879.0 2545.0 893.0
12:29:20.55 +60:17:38.82 2108.5608 884.2289 0.14368078590833286 0.07337582681729027 6.124 1.228 2098.0 879.0 2119.0 889.0
12:18:05.99 +60:17:57.04 919.1172 873.2166 0.14353149426783415 0.06911620856280776 6.286 1.17 909.0 868.0 930.0 878.0
12:09:44.52 +60:16:22.09 33.474 857.9312 0.23968523344205295 0.09272201996672733 2.035 0.546 30.0 857.0 37.0 859.0
12:32:28.91 +59:11:40.73 2464.2095 1816.6989 0.17027526976364724 0.08318483076985976 5.35 1.13 2456.0 1809.0 2501.0 1821.0
12:10:02.17 +60:11:25.96 60.5173 929.9163 0.23757513536620203 0.09187707705195144 2.04 0.548 47.0 929.0 64.0 935.0
12:32:57.93 +59:11:39.83 2517.0808 1815.4347 0.12843138065745435 0.0658283199799588 6.584 1.498 2505.0 1809.0 2528.0 1822.0
12:37:21.04 +59:12:47.63 2995.5273 1781.5698 0.10429675660185948 0.06649712303760805 7.752 2.336 2982.0 1773.0 3009.0 1792.0
12:30:32.87 +59:13:30.76 2252.3928 1795.5145 0.12382903490593522 0.06000502022999745 7.415 1.482 2239.0 1789.0 2265.0 1802.0
12:11:08.70 +60:12:11.37 178.7912 925.6623 0.15827056929566893 0.06728717925251816 6.877 1.361 167.0 920.0 190.0 931.0
12:26:26.45 +59:16:13.40 1803.7786 1762.3051 0.13980643999706308 0.06534472604973054 6.729 1.312 1793.0 1757.0 1816.0 1768.0
12:17:28.36 +59:15:02.77 824.857 1766.9086 0.14458001741422608 0.0606111813262122 7.011 1.157 814.0 1762.0 837.0 1772.0
12:38:13.73 +59:14:59.80 3089.9705 1745.6874 0.12998648795693016 0.0668110901786938 5.734 1.238 3080.0 1740.0 3100.0 1751.0
12:11:15.19 +59:17:09.38 147.5678 1709.118 0.14022593539553588 0.061419233513180196 7.021 1.418 135.0 1703.0 160.0 1715.0
12:13:02.71 +59:43:08.75 360.7573 1348.8835 0.09641484755499817 0.042782926464794535 6.881 1.681 348.0 1343.0 373.0 1355.0
12:20:33.82 +60:12:19.72 1178.2791 959.0621 0.1460710815685281 0.06878076881233135 6.476 1.222 1168.0 953.0 1189.0 964.0
12:34:09.37 +59:44:06.83 2632.8137 1349.1396 0.10611067794986773 0.05953896832314066 7.48 2.033 2620.0 1341.0 2646.0 1357.0
12:12:31.28 +59:24:26.81 291.0612 1612.3055 0.15343674250257805 0.06367514123832768 6.727 1.289 279.0 1607.0 303.0 1617.0
12:11:37.27 +60:04:29.10 223.5436 1037.8905 0.2198177573783699 0.08306644961823073 3.581 0.639 218.0 1036.0 230.0 1040.0
12:29:28.66 +59:24:52.63 2133.365 1635.6626 0.13668988847709898 0.0654551895800564 6.905 1.652 2122.0 1629.0 2145.0 1642.0
12:31:09.58 +59:43:43.43 2310.6492 1363.7091 0.1545255113140518 0.09408424364108145 5.036 1.048 2303.0 1359.0 2318.0 1368.0
12:32:27.02 +59:24:01.67 2456.4658 1640.8448 0.13845697797680107 0.0691576989377271 6.858 1.293 2444.0 1635.0 2467.0 1647.0
12:33:49.36 +59:24:59.16 2605.1213 1622.7821 0.14892064963369342 0.0784824918300934 5.061 1.163 2595.0 1618.0 2614.0 1627.0
12:24:30.00 +59:31:00.70 1593.1488 1551.7787 0.12646008196663533 0.058102966896761706 7.542 1.747 1580.0 1545.0 1606.0 1558.0
12:29:53.48 +59:28:18.19 2177.542 1586.1051 0.12923050799270838 0.0629409261861662 7.409 1.526 2165.0 1580.0 2190.0 1593.0
12:36:23.90 +59:29:09.22 2882.3613 1553.0663 0.05775885736366845 0.03333803803288853 7.229 2.239 2869.0 1545.0 2897.0 1562.0
12:11:15.04 +59:24:05.49 152.707 1610.4282 0.15169807609536534 0.06365274370010873 6.494 1.311 141.0 1605.0 164.0 1615.0
12:25:12.15 +59:30:55.73 1669.2324 1553.0747 0.15558530131455978 0.07516625902423693 6.971 1.001 1659.0 1548.0 1679.0 1559.0
12:23:12.97 +59:29:38.40 1453.9218 1570.5867 0.1504517078630884 0.07072585044098047 7.235 1.181 1442.0 1565.0 1465.0 1576.0
12:38:47.10 +59:30:46.01 3139.7476 1518.0938 0.1433366601361907 0.0697150244812007 5.992 0.907 3131.0 1513.0 3149.0 1523.0
12:30:40.11 +59:33:28.92 2260.4651 1510.7358 0.17268440201030752 0.08529554805653954 5.476 1.002 2253.0 1506.0 2271.0 1515.0
12:13:17.95 +59:29:22.54 378.8992 1546.0804 0.15789103891107706 0.06511295737242699 6.149 0.92 369.0 1541.0 389.0 1550.0
12:27:59.87 +59:34:59.35 1971.4855 1493.6992 0.16665321922027204 0.07326628644641472 6.345 0.77 1963.0 1489.0 1982.0 1498.0
12:11:55.65 +59:41:44.86 239.3842 1362.9939 0.11786146808406707 0.05310317270331364 6.749 1.671 227.0 1357.0 252.0 1369.0
12:25:22.09 +59:33:51.62 1687.2424 1511.3112 0.09956821279076156 0.048679319098876225 7.307 2.024 1674.0 1505.0 1701.0 1519.0
12:22:07.45 +59:36:21.34 1336.9103 1473.7803 0.14661829868646548 0.06267128259611619 6.33 0.965 1326.0 1469.0 1347.0 1478.0
12:21:20.68 +59:37:41.54 1253.0299 1453.6289 0.046662768310757385 0.03432873303197643 14.771 1.545 1231.0 1437.0 1275.0 1470.0
12:30:23.86 +59:38:38.30 2229.9119 1437.8621 0.14378061249442373 0.07018089948343255 7.017 0.946 2220.0 1432.0 2241.0 1443.0
12:27:48.39 +59:38:48.23 1950.395 1439.5608 0.2252875737457343 0.09718824695766372 2.932 0.74 1945.0 1438.0 1955.0 1442.0
12:38:28.01 +59:37:41.42 3100.6479 1421.2413 0.15233765567425822 0.08437809135183005 4.316 0.918 3094.0 1417.0 3107.0 1425.0
12:19:18.39 +59:40:04.96 1033.8209 1415.5161 0.14018086139060043 0.0641426130242598 6.649 1.459 1023.0 1410.0 1045.0 1422.0
12:27:08.89 +59:43:10.06 1879.0695 1377.9941 0.19078637314182081 0.092825825580685 3.011 0.882 1874.0 1371.0 1894.0 1380.0
12:28:28.23 +59:42:59.82 2021.4148 1379.0504 0.17589054289831485 0.07911659813162236 6.032 0.809 2013.0 1375.0 2031.0 1383.0
12:25:09.59 +59:42:13.12 1665.0072 1392.2468 0.15092059169345193 0.0703030476560712 5.732 1.128 1654.0 1388.0 1674.0 1397.0
12:38:29.25 +59:41:41.69 3100.1646 1364.1123 0.11741611838290832 0.05927664572216485 7.001 1.206 3089.0 1358.0 3112.0 1370.0
12:21:56.09 +59:47:07.41 1318.6823 1320.1736 0.14388295588650554 0.06338394466751278 6.358 1.15 1308.0 1315.0 1329.0 1325.0
12:39:16.17 +59:44:57.84 3181.9709 1313.2406 0.08758773911633018 0.045651379195466656 7.417 1.624 3169.0 1306.0 3194.0 1320.0
12:28:03.72 +59:48:30.66 1976.7755 1301.006 0.1359083338863354 0.08450854434296119 7.562 2.066 1965.0 1293.0 1990.0 1310.0
12:16:22.08 +60:05:41.30 729.7903 1042.2094 0.19526799799524572 0.0835763190570312 2.528 0.453 717.0 1041.0 734.0 1048.0
12:22:49.85 +60:06:12.75 1417.91 1049.3566 0.06427615342705524 0.032943101917796 7.319 2.123 1404.0 1042.0 1432.0 1058.0
12:13:12.57 +59:48:36.64 382.1302 1271.932 0.1530221255124599 0.06390570915217086 6.277 0.868 372.0 1267.0 392.0 1276.0
12:23:49.93 +60:05:59.97 1524.4387 1053.1508 0.08224487978669821 0.042823885981105064 7.15 1.984 1511.0 1046.0 1538.0 1061.0
12:19:17.42 +60:02:58.46 1039.9897 1089.5389 0.14466465314448707 0.06377543238568385 6.749 1.229 1029.0 1084.0 1051.0 1095.0
12:13:04.07 +59:58:11.09 373.3967 1135.0192 0.18852682098496096 0.0856214280806376 3.201 0.597 368.0 1133.0 378.0 1137.0
12:10:38.17 +59:57:45.56 113.2051 1127.9525 0.20416208887937315 0.08331872490702301 4.742 0.911 106.0 1124.0 121.0 1131.0
12:32:16.56 +59:55:06.80 2426.7737 1198.5549 0.14521428280546586 0.06865449280693252 6.582 1.207 2415.0 1193.0 2468.0 1204.0
12:21:46.58 +59:57:24.67 1303.8219 1173.4517 0.18519744317197087 0.07462566043290447 3.999 0.602 1297.0 1171.0 1311.0 1176.0
12:12:54.76 +59:55:14.19 354.7952 1176.199 0.1644359673351533 0.06970567471264796 6.598 1.261 343.0 1171.0 365.0 1181.0
12:10:36.01 +59:52:33.81 105.1568 1201.6366 0.20286262749216116 0.07682995997682149 5.73 0.894 97.0 1198.0 114.0 1205.0
12:28:47.18 +59:55:11.03 2053.4514 1205.0234 0.14542002179180644 0.07747541927827721 6.271 1.352 2043.0 1199.0 2064.0 1211.0
12:19:42.75 +59:57:02.46 1083.0973 1174.9895 0.1517315651293624 0.06843562613757968 6.285 1.244 1072.0 1170.0 1094.0 1180.0
12:11:11.40 +59:52:21.95 168.2155 1207.8655 0.16314038610344156 0.06796719324801766 7.111 1.34 156.0 1202.0 180.0 1213.0
12:18:34.61 +59:59:21.93 962.5435 1139.1082 0.14768949534754963 0.06558533398878207 6.516 1.327 951.0 1133.0 973.0 1144.0
12:31:03.73 +60:01:01.51 2295.2417 1117.5118 0.1515000926813463 0.07293459070876802 5.991 1.025 2285.0 1113.0 2305.0 1122.0
12:17:54.33 +59:58:44.11 890.584 1146.1895 0.15253750784063724 0.06788565904815687 6.115 0.843 881.0 1142.0 900.0 1151.0
12:38:27.68 +59:58:13.53 3086.1257 1128.9048 0.1576344379222316 0.08735850304735754 2.73 0.546 3082.0 1127.0 3091.0 1131.0
12:38:17.44 +60:00:38.66 3066.2793 1095.3754 0.11210295283502228 0.05872419883712027 6.777 1.474 3055.0 1089.0 3078.0 1102.0
12:36:04.16 +60:03:44.14 2827.7036 1062.0737 0.1513167391686556 0.0725113402554762 6.519 1.034 2818.0 1057.0 2838.0 1067.0
12:38:27.03 +60:09:53.93 3077.0063 962.7854 0.16877301805591957 0.09662092812722231 2.246 0.49 3074.0 961.0 3080.0 965.0
12:10:26.33 +60:07:44.91 100.2558 984.7277 0.17133219655064563 0.06627116239420723 6.59 1.115 90.0 980.0 112.0 989.0
12:29:07.29 +60:11:54.81 2086.2351 966.2436 0.13349905809621282 0.06474937740090339 6.922 1.428 2075.0 960.0 2098.0 972.0
12:10:51.04 +60:09:17.72 145.2791 965.1437 0.1646485745682179 0.06750186657898447 6.53 1.31 134.0 960.0 157.0 970.0
12:10:22.61 +60:06:32.79 92.6708 1001.4523 0.1468567170178774 0.06260174939715131 7.057 1.419 80.0 996.0 104.0 1007.0
