# X_CENTER  Y_CENTER  AREA
3829.908 34.5922 98346.59
4250.6489 21.0554 7264.649
4588.2578 20.0456 7501.806
3412.8127 19.7034 5761.524
3471.7778 14.3423 41896.85
2416.4331 1.9891 260245700.0
2607.3884 14.5351 12393.69
4267.5308 11.2645 21197.27
2856.9902 14.0022 2985.365
22.7106 11.9979 17229.72
14.4361 1.9534 527697.6
3574.584 28.0752 12318.85
3149.0674 48.9058 221610.0
3499.9673 29.8437 14932.74
4576.5713 25.8517 7283.762
4343.8198 25.5048 6009.511
753.8512 24.3299 4359.799
1374.5675 29.885 8354.824
505.063 36.8071 17915.46
380.1276 32.9617 10020.36
2151.1841 30.9941 4612.237
2395.2979 39.4829 14177.62
2781.7629 37.0151 5662.051
4761.9341 59.4327 186773.0
3327.2068 40.2927 8949.118
922.2646 63.7416 292926.7
1495.9824 50.2842 32345.79
4512.3394 58.0113 51670.59
466.1292 55.3961 40282.03
3385.5083 40.883 4273.121
387.9307 44.244 11721.12
54.3245 59.93 76787.8
4094.1021 40.7657 3207.773
776.3815 44.7038 4864.802
1344.9839 41.4623 2567.189
4281.9399 49.6197 5814.95
3650.7798 47.3201 5272.471
4054.2917 56.1243 16135.5
1658.162 53.2432 9802.519
691.8732 60.1061 29891.79
1605.5563 52.4727 3847.913
4604.312 54.8773 4241.899
1454.7268 96.7701 1161968.0
536.319 65.8824 10557.93
2188.8677 81.6343 55732.57
4420.4355 95.6295 396071.3
2876.5356 66.0788 4876.36
1956.5529 63.7739 3649.312
3797.532 94.3617 192728.6
1742.7808 67.633 5620.443
4725.7808 71.8494 5638.728
3956.5918 80.653 18798.95
2161.873 71.7712 5261.383
988.147 84.3979 27573.29
3311.0535 80.5288 11462.14
1580.0184 98.4116 96745.72
507.9716 74.0737 3443.065
1270.2072 101.7286 166667.6
4227.0273 96.9828 95866.31
133.8981 79.9483 11985.42
1576.0568 86.1358 13417.6
471.781 79.3868 6536.5
1857.1541 90.785 20215.42
322.9952 88.778 8669.448
2746.0417 83.8714 3200.896
3831.4729 95.0917 16593.65
1821.5642 92.8808 11798.98
2740.6055 94.7061 10380.9
4492.1235 114.938 133307.5
4724.1919 104.6351 17637.53
4125.5879 107.8391 32627.02
1973.5793 97.5229 6489.895
421.8058 110.3005 48900.48
2449.0913 103.4792 12038.32
3523.1238 118.788 58477.14
817.7467 114.2539 52875.96
926.001 114.7759 47987.24
1296.3987 103.1275 9592.388
728.3464 111.8092 14874.44
3884.9319 104.6683 3786.521
2792.7 101.888 2486.255
2716.1101 112.4024 12965.81
785.2018 110.4391 12446.19
2516.9277 102.9598 4146.74
1649.7925 103.0883 3101.506
34.099 124.1183 52866.98
2748.3271 110.4401 6099.705
869.8201 130.7812 85391.62
221.426 112.073 3608.464
2975.9756 134.883 86297.06
4214.7876 117.7581 2941.997
1764.9845 118.0114 3962.213
3819.1274 124.978 8646.261
3560.0083 128.0139 8256.333
4203.7407 153.2544 464616.8
4569.8911 131.2903 10461.71
520.4016 124.1003 3985.276
1966.3611 144.4704 32086.8
4535.0884 130.2165 3122.526
4234.1206 130.2097 3240.977
472.6637 125.884 1551.323
4475.2432 137.1133 6388.16
911.9733 132.7956 2957.133
2431.2598 136.4947 3460.112
3573.7822 137.6005 5388.802
2137.8833 140.9592 9149.949
3904.9075 144.5993 12884.19
3356.1938 139.5388 5436.27
2554.9951 139.2756 4144.752
419.13 134.6779 3135.337
3520.1438 159.8599 99512.33
454.9971 133.0034 1792.846
1752.1295 171.9947 419244.4
3948.1465 137.1484 2207.957
2382.8357 149.0287 8436.745
1651.6904 141.308 2269.784
4007.0022 145.9446 3827.585
3701.9512 149.7394 3936.535
4607.2764 171.9193 71518.59
1630.5638 156.0134 7680.273
1924.121 164.4706 25244.75
3678.0173 150.1697 2022.195
4165.1528 173.7343 37787.99
1082.749 154.3354 2376.53
4754.6235 152.6279 2424.99
2491.1299 168.3673 30160.84
2080.3923 158.2702 4910.203
1110.5439 169.4436 21963.04
3175.7537 192.2638 591703.6
2245.0588 160.0806 5209.152
1894.709 174.3924 27191.02
2231.4524 167.1369 10146.47
3135.0991 163.3005 4585.331
1298.0289 178.8755 47593.64
2645.488 167.7968 9221.797
2716.9988 162.9913 3828.021
2216.1577 163.0814 4275.47
2305.3435 167.4049 5038.473
2525.4307 173.149 12884.01
3006.9883 160.98 1844.898
2197.155 169.1529 3241.825
2112.1035 168.8474 3644.697
3646.1968 174.9848 7505.913
1545.345 167.4305 2813.829
709.7866 170.927 2678.834
4747.9873 181.4556 12815.53
751.1475 176.3176 5641.741
247.6445 174.2754 3352.923
91.3446 194.1472 84463.96
3605.6826 174.8885 4179.714
3257.5623 185.3897 13174.26
2712.002 181.0157 16215.9
289.8335 181.1824 8028.14
2586.2881 176.8854 3118.745
1477.5779 197.4377 67373.4
3981.4707 181.0843 3022.304
3536.3818 182.3876 2412.108
2082.8496 192.1367 5625.135
2670.4524 190.6183 3098.47
4508.8262 188.8387 1975.072
4523.1802 201.9646 17143.14
2331.9602 191.6233 2742.559
4607.6216 189.4347 2047.072
2569.8928 189.423 2654.89
302.4739 195.4968 4433.458
509.6456 196.6517 5207.171
2693.5173 194.004 2213.987
2699.2061 197.0711 2932.277
2282.6323 225.1851 166772.0
1060.3824 204.979 10532.17
2666.5574 210.7452 19998.7
3714.802 211.8294 19046.54
2046.7493 207.7701 5915.736
932.5674 208.0427 11661.4
3512.6575 198.8803 1647.085
978.9454 212.3743 15876.45
4140.4678 204.5262 1994.808
1692.1255 220.6416 20537.82
319.7119 216.7374 10390.1
1405.39 213.9922 7140.55
1115.8601 224.5289 31045.08
479.4416 208.6258 1697.534
1435.7104 219.633 16492.07
3672.332 210.5469 1850.138
663.3872 210.3651 2438.303
2921.1328 219.082 5471.088
3731.7683 229.9818 28176.7
4591.8691 222.5168 8643.337
3393.3162 212.4549 2847.781
1727.9741 223.3787 10033.48
2964.6003 213.3746 2351.188
4786.6099 219.2569 5503.255
3292.324 222.7575 8259.449
3028.6802 215.5107 2457.516
65.7997 228.8097 12476.19
3863.4441 230.8583 19815.36
1237.0598 251.9747 369987.8
4553.0918 245.2937 91736.86
3057.9482 249.992 35067.0
980.9464 270.3293 17713.96
2779.8682 228.2892 2536.88
4291.3301 248.5633 45573.14
3306.7715 229.0359 3974.588
4378.3228 256.6807 106487.6
49.2071 240.5082 9997.684
641.811 229.9896 1741.545
3417.7073 261.4309 111510.0
4101.7017 250.7802 12860.7
586.0748 243.3536 7180.249
3090.8093 256.7657 22073.73
1421.9758 247.0415 7386.952
4098.3789 268.9034 51515.01
3347.0825 248.9282 5034.399
3865.9561 245.7124 3223.6
2497.4636 243.5115 1924.617
2938.3293 255.353 10931.31
4133.5562 276.5926 133255.6
1771.7308 260.9352 17065.73
4607.7515 261.3875 11869.38
1214.8193 261.5675 10432.08
1415.8629 271.7985 56439.83
3810.0212 269.8211 25973.36
3544.771 262.3362 14336.68
3960.918 268.1444 20552.12
4234.9868 253.9944 1633.954
3997.7046 278.0616 28070.73
2084.4377 263.9875 4066.505
4584.3198 270.7698 8070.388
3036.9248 350.0267 58435.02
3570.3333 272.4756 4831.628
950.5009 270.3273 5036.492
2636.115 286.1443 11303.55
2502.2036 273.9091 2963.955
4041.8362 294.4239 35691.22
530.4622 289.5122 21524.27
4523.7505 304.5555 95567.5
3515.7544 299.7492 45751.66
2599.3948 284.8653 8218.621
2117.4592 297.5972 20424.22
4674.8716 303.78 57286.92
579.8632 287.7431 5793.902
4192.9951 296.344 20789.5
2130.0886 288.4606 5037.465
2516.5793 286.1332 2870.507
3768.7979 296.8454 12801.67
1714.3425 282.0947 1940.781
2029.6113 285.412 2451.513
3856.9675 291.5903 3983.658
1450.963 289.0186 4281.737
865.5781 288.6735 3483.199
2301.9207 291.2599 3470.617
2784.3047 316.1655 158217.2
3866.0684 292.1603 3109.26
1967.2256 298.0755 10706.94
4325.1265 293.0259 3961.46
1122.0258 298.5799 6994.848
2874.1707 303.553 10870.57
981.8727 294.1284 3291.272
1573.4281 317.4914 51872.3
3076.8132 310.8692 5469.017
2212.8821 311.9506 6412.0
554.0674 305.3873 2341.583
3635.9111 315.0548 5762.696
620.2061 340.2269 285452.2
4237.7515 315.7703 6514.63
1921.0995 308.6151 2747.989
3375.7446 315.6332 5429.165
3661.6489 313.844 3563.736
1598.7094 337.0044 95759.91
3164.1594 337.4317 40672.59
3536.8896 325.1026 9012.568
656.5821 324.9756 6352.606
4291.127 317.2962 2660.656
2571.4534 317.4776 1888.969
2781.8057 343.6353 19719.42
4075.1313 328.3032 11058.17
2090.7974 320.887 2968.846
2506.6121 335.3044 13331.9
4207.4907 332.4929 13480.58
506.8402 331.6805 6556.105
3270.4861 326.2711 2265.302
33.0614 344.8972 25145.29
4147.3745 333.4627 3710.696
4720.4912 329.2602 2167.838
1898.829 342.0106 7090.465
3529.1199 330.4194 2823.1
2361.6624 327.8708 1472.702
2478.448 341.7117 10084.02
2567.4136 339.9376 8830.166
1914.9712 344.758 10788.38
2684.4956 334.6972 2281.388
2496.6538 362.5143 97800.56
2696.8301 357.5585 52852.26
3750.9861 336.7723 1835.56
4532.3516 353.0339 20690.1
3267.7395 340.9355 2396.472
971.5497 340.7417 1916.441
4258.228 341.3931 2533.923
1103.2986 379.3452 338649.4
813.3088 381.7646 82406.91
4447.6987 367.6332 42284.34
3174.9839 364.8963 24654.87
3465.3201 354.8689 6523.702
2862.8279 349.8754 3625.159
4195.9365 351.0958 3261.854
843.4805 374.2912 96043.93
1342.4644 358.0526 9536.641
2187.064 364.1231 15340.46
3116.1904 352.6873 2264.146
4049.3567 366.6927 15324.63
2912.5615 357.0979 4221.586
707.7549 379.8381 63484.66
3017.0295 371.5322 9276.822
2794.8528 393.388 83900.81
3954.2092 376.3209 12144.62
1022.5711 364.3494 1446.152
2778.6741 385.2082 28472.07
3413.9719 407.1996 57872.7
4366.1562 392.3537 50241.01
1198.075 380.2098 7951.07
1819.6473 378.8243 8805.106
4772.3555 376.3693 5172.529
4720.1313 376.4172 6349.671
4059.1172 389.5765 28541.31
4134.9185 376.9682 3373.792
1886.3137 406.6933 219430.2
177.638 383.0431 10557.22
3399.9565 380.2581 5338.015
3211.1404 399.381 43484.4
2962.822 387.3391 9583.646
4275.1074 391.6544 16820.3
3567.3206 377.1252 1572.034
4012.488 391.615 13485.74
4219.5679 384.024 3946.059
1196.0397 390.9066 6178.417
4612.332 414.6638 202881.4
3676.3499 398.9293 11843.94
1969.9108 398.7391 16996.83
3248.2434 414.2046 137039.6
1045.1603 395.8764 10001.51
853.8643 392.2774 2855.56
1655.5157 398.7838 8529.235
4053.844 416.2241 31946.05
1506.4867 394.0102 2015.88
3798.6067 416.8957 35142.91
4213.2041 402.1657 4571.814
1175.8219 420.5027 53126.85
834.1259 405.7721 7648.043
1162.0927 403.585 6023.002
1922.4689 418.5976 53269.2
4716.6938 437.3319 828260.1
4386.5273 400.2694 2382.09
1465.254 413.4018 11378.95
4066.8911 403.6627 1625.851
443.7468 404.4028 3849.208
1364.0007 430.0793 104235.9
1360.6816 408.8044 3427.277
3633.1177 406.326 1801.443
3630.0461 419.7797 19915.03
3349.7415 445.8744 485731.8
3180.8416 430.6297 23621.02
467.1039 445.7903 343180.5
2271.1277 436.1766 44399.02
742.6376 436.4999 49622.58
1795.5009 431.059 21847.3
1235.0374 419.2079 4693.088
3768.3472 422.8283 4211.584
1541.1262 419.9857 3726.793
1018.7721 429.4932 9168.099
2354.6101 430.0066 13183.47
223.9379 425.8396 5640.996
3479.9431 434.9862 11870.76
4024.9248 445.8024 50878.97
1648.1476 431.5266 8112.117
2284.1492 454.8545 182107.3
1694.4911 426.4924 2946.179
1872.3883 440.2063 13451.71
2533.0178 480.8771 643189.2
3638.1719 445.8685 21020.98
3312.1472 439.3182 3751.124
3575.2314 446.4641 9049.169
3565.9854 442.384 6519.169
4682.2773 459.1073 24767.33
213.7005 449.1747 14483.68
833.384 459.2618 9654.438
1856.2612 463.2061 54220.39
2761.1101 460.6194 25365.92
3518.2754 467.4578 37185.6
1572.2955 467.6892 72056.14
748.4735 460.1773 8603.753
4475.2969 456.7812 5942.27
4131.0688 449.617 3047.761
4062.9026 452.9939 4588.9
3032.9321 453.0081 3296.119
137.58 462.6429 13983.27
3987.2285 466.1046 15050.71
4503.4829 478.9579 99616.4
2863.7642 474.2232 36462.79
2539.2129 454.5293 2892.488
2002.4224 487.0068 240577.1
1654.3785 466.692 10472.31
4424.7432 456.4559 2505.172
688.2822 456.1253 2212.942
2122.0608 491.8317 531065.8
2344.3943 480.3858 4050.792
4007.2961 468.6929 6646.417
2319.9675 461.3019 2841.315
4619.1562 479.5675 20398.62
2933.3579 499.661 199477.0
3174.1677 475.7414 8719.707
123.7109 473.3763 5226.337
2388.0198 473.8729 3580.839
1953.6803 473.8591 2812.011
3085.0186 471.0059 1717.735
4633.2554 479.454 7538.199
4257.3257 488.8217 16170.84
4234.1162 486.5695 11779.74
1419.946 485.1197 6646.422
225.1586 475.9937 2315.256
1440.4596 485.6673 4979.076
4774.4873 498.8249 23640.03
2958.6853 483.8863 4072.648
4616.377 494.1079 6848.02
4704.9072 488.9539 4551.865
3916.2449 491.4169 2691.667
1412.855 488.3921 2769.405
1380.5127 502.316 16961.66
819.8604 504.9918 19163.11
1505.1813 492.3013 2593.058
4792.4253 537.9398 84205.74
2676.1335 516.1296 34859.98
4654.9746 501.4725 3822.539
4103.1836 540.3124 1207099.0
1032.8757 507.307 7979.041
3091.1665 496.9875 1653.455
2498.0867 512.1454 8808.91
3517.0066 508.9965 3483.094
2057.3274 510.2444 4150.624
778.3065 515.6705 12765.82
1825.2855 514.3776 5517.38
2576.6968 518.2731 7376.708
3227.1724 515.2515 5382.853
2163.1255 538.3669 99648.77
128.592 523.9766 2924.157
2071.8557 523.5706 3087.969
2280.7197 524.2975 1835.562
2790.3215 523.9066 1787.098
1380.9355 548.9321 62657.14
2723.8469 539.8865 21140.53
3565.1667 538.2941 10075.8
315.6365 528.4146 3389.628
4655.7935 539.5676 10556.24
2630.8357 584.6357 14198.24
1951.2793 550.317 36719.45
4633.5132 544.5167 7798.724
2681.8059 544.1912 9765.354
3776.8667 569.6664 362581.9
3188.957 537.9836 3998.071
3067.7463 538.0305 3437.657
1914.6531 570.1604 571687.1
271.985 555.9347 45688.68
214.7982 539.802 2852.453
3497.6257 539.6234 2494.193
3614.9639 540.1903 1913.763
4693.7583 558.3685 27590.71
1657.1354 546.4142 4249.38
4657.6787 547.2263 2912.585
395.0428 553.1428 7428.643
1645.1548 547.8059 3297.759
1034.0598 547.7033 3281.862
1114.0906 568.7118 93792.13
2358.3125 554.7554 7695.134
648.9758 547.483 2507.42
3646.2405 559.0721 11853.97
1149.7748 558.8796 11456.41
4386.5747 560.423 11120.82
3861.2466 582.236 128689.9
3963.5388 552.3374 1859.726
1540.7897 552.0284 1549.255
1425.0087 572.4147 38713.3
4504.7197 588.0142 256799.4
2812.9414 565.9917 9727.776
1403.9565 571.7737 20373.92
371.7126 562.0386 4402.333
982.2379 559.4825 3694.535
4522.1777 567.431 6990.094
1005.2175 573.0248 7521.47
2308.9846 570.1907 5340.25
3041.6992 572.2235 5730.673
566.2231 601.4315 353643.1
1546.3837 589.2485 40264.82
434.3804 595.2312 110092.2
2014.5349 590.8482 38008.39
2233.5481 578.4811 6943.918
1136.5953 573.5225 3018.126
3564.9844 570.983 1973.927
714.9364 583.6092 10929.81
660.8741 594.7657 23474.96
26.1969 572.9965 1546.787
4615.2197 593.7662 27137.6
2521.1584 582.7423 3469.987
3278.1458 590.1984 7247.571
3574.6182 590.5793 4849.419
3291.0593 598.1446 10439.08
2603.9805 589.5295 2563.069
3789.385 590.6401 2044.876
320.8318 593.3986 2672.136
251.4758 604.2088 7756.229
3999.7791 594.0034 1712.271
627.6418 607.4811 9407.488
887.9648 600.022 3330.872
728.2366 640.2459 1538971.0
4623.6846 626.1671 114943.0
3656.4236 607.1743 9101.991
1558.8602 606.9858 9236.46
4223.2812 630.3842 19189.76
2980.4265 614.8297 15216.66
2717.6899 607.4952 4027.71
363.7426 621.8492 43209.98
2335.2068 619.1605 24553.92
302.38 618.0822 19717.52
2422.9944 607.0021 1798.363
3651.9641 621.4609 13290.34
213.3712 631.5168 46166.8
1246.0233 614.9273 5228.262
2283.2417 630.587 27347.87
2921.6506 621.2159 6383.372
4557.0137 618.9651 3784.17
949.8879 621.1435 3091.56
82.4185 622.0488 3868.549
934.2019 628.1132 6300.906
4155.5205 641.1619 37508.53
2021.5387 642.0828 63025.04
3544.2756 626.2944 3182.613
700.6065 634.1989 8093.026
3521.6206 624.9044 1848.231
1524.2209 628.5641 1876.975
919.4036 637.1992 3274.229
3593.6694 671.9412 399245.3
4729.3042 650.4943 16230.34
4524.127 635.3518 1474.635
1603.1312 644.0236 9014.554
1242.1093 656.9805 42903.18
4629.001 653.3359 21542.78
2639.0579 666.5547 76945.48
476.7866 644.862 4037.109
1436.6549 645.8516 3953.152
442.4165 656.1414 8847.637
1551.5598 653.1292 5448.561
3345.0981 725.0589 4177131.0
2512.668 676.7339 61488.7
2798.012 654.1389 2466.245
3017.8557 659.8625 3545.55
4365.1313 662.2197 3413.916
4200.5083 662.1465 2658.927
3438.165 665.4248 3693.292
2404.468 667.4788 3801.932
2381.5078 664.9827 4113.772
4634.4365 692.5593 220048.4
3231.8813 680.7009 28218.48
1975.1914 668.4151 4277.944
97.742 664.2029 1734.897
2246.6248 669.9543 7804.55
696.0028 696.2559 176005.3
2350.7595 676.8325 6282.204
627.3679 692.3621 88591.91
4265.5923 698.082 117927.4
1610.1893 681.9386 10496.39
2697.9456 681.0201 6870.979
2530.3286 687.9724 15396.47
3229.2422 696.7369 26467.22
607.9171 683.2249 4224.258
4241.1533 708.6868 94174.67
4207.6328 703.9084 41279.41
3135.1899 687.04 3763.999
436.1114 687.0396 2787.465
1588.1793 712.0824 180791.7
2217.1177 703.2523 32843.92
4430.9946 694.8401 4380.345
4798.6348 691.7872 3553.767
170.9773 698.9935 8471.261
1447.8951 704.9327 12180.38
3463.1216 699.2828 3904.829
1796.0314 695.011 1683.259
1043.2299 714.2903 25703.99
4190.8315 706.749 6534.37
3561.5745 706.878 8112.239
1365.9377 722.0948 47868.29
1656.0902 705.4154 6479.441
2668.7957 708.8359 2999.918
4187.3384 723.3975 25740.68
3085.0483 724.4708 8742.772
1523.2571 714.7354 2827.506
4600.5854 722.9864 6583.143
2288.3323 720.4901 7500.479
2130.5063 720.4883 6265.545
1472.734 726.492 12410.0
755.6307 721.6655 6824.966
3862.8718 717.8499 2158.563
2430.4382 724.4776 5378.591
506.0815 724.2634 5642.806
1630.5488 729.2474 9954.382
2787.5454 722.6219 2540.328
796.5851 725.9005 4398.734
3297.3992 733.6488 8701.977
825.1101 729.0217 4144.229
4721.7871 739.3461 8913.841
1293.052 737.6665 6546.154
3651.2363 757.3884 68017.57
121.6842 751.8505 19568.19
3485.7141 746.6763 7011.451
3437.1892 757.2758 34395.93
3915.3796 763.5248 63312.25
3525.9424 763.2684 66767.89
2821.9226 756.4382 19055.59
1632.0128 746.585 6051.411
531.8898 753.4484 9595.404
4576.3828 751.1794 8631.074
747.8228 761.546 30775.67
2404.1099 758.1592 16044.58
3624.5054 769.0873 61541.93
1597.001 745.9987 1478.007
3738.6672 749.0649 2091.1
1647.8833 761.2701 11706.22
4112.8667 756.2728 6048.219
365.6006 756.7047 5788.339
612.6196 762.4344 9519.106
495.6507 780.4391 161613.0
4346.2124 773.1596 38300.2
2015.3275 755.2374 2500.932
3876.9463 769.4111 14494.21
2442.2236 770.0698 16135.23
2428.0002 755.9763 1862.916
3417.6753 762.0128 4278.183
1458.9493 769.9782 10511.35
1574.3181 764.6545 3658.561
1927.1571 761.0129 1964.832
4173.4521 789.9352 90699.62
648.7506 785.8506 51295.94
70.0814 774.4085 6904.464
3623.8069 807.1895 784343.8
4544.3584 780.3677 11146.88
2633.8315 777.5217 4725.682
2437.4141 784.173 13115.96
2143.2942 774.2315 2342.138
1376.1373 794.7708 43253.1
1186.4058 794.7161 22976.14
4057.9028 808.1776 74384.04
1541.9926 785.9136 3729.19
3082.5327 786.8789 2432.218
48.9825 783.0001 1694.593
1160.7032 787.5205 3422.598
2850.8386 790.8425 2676.418
1769.5092 797.1082 7647.868
4081.3967 800.0752 12843.68
3604.9927 796.3653 4129.7
1799.158 810.4123 47528.52
345.7697 807.973 20054.22
1212.1241 804.8259 7299.559
2023.3624 800.2799 3435.362
2976.8755 824.5091 66587.72
4621.8662 837.8456 487046.3
758.0944 847.2633 971954.6
4562.1313 814.665 6439.404
134.4847 822.1983 17570.09
2603.6304 808.0751 1769.153
3130.1333 819.7797 10216.04
2054.8003 826.9651 17166.58
3419.8794 816.9927 2318.765
3664.9055 844.5789 209183.4
2392.1387 820.5782 3932.874
556.7556 827.4098 16014.03
2438.3855 846.1724 21502.13
2781.1729 832.0939 17885.15
1506.7633 823.921 5033.886
3581.9753 835.6353 14011.67
356.2278 828.2908 6210.753
3682.8044 839.6312 18710.17
4165.2773 827.1179 2787.829
2286.6042 842.2523 21122.55
4376.0005 826.0001 1919.771
1930.6252 853.3289 59300.04
1492.359 842.2199 14485.2
2115.0461 834.4984 2485.654
472.6819 831.8785 1436.359
1728.3954 841.6052 5187.535
421.5118 834.1873 1667.229
1442.2966 848.8164 14232.79
255.8887 843.0413 5023.384
3621.5105 848.796 6638.065
2137.8428 842.7815 2158.721
330.0748 850.8397 7018.597
849.5841 873.295 252539.4
3242.4255 851.6808 5853.757
1760.7885 844.6779 2316.564
2597.4819 857.7012 13901.62
392.3649 860.5369 17010.95
2272.7522 859.2219 13932.27
2371.0542 862.2376 12048.02
4721.7622 875.4484 48689.63
4738.9443 855.7547 3648.984
1718.2957 854.7436 2464.878
3377.6484 874.0568 31906.52
3243.0879 875.1702 31752.58
4375.9136 864.6597 7560.916
220.2186 859.5752 3413.859
1285.6539 865.2789 4517.625
455.7808 860.6859 2587.149
148.9012 864.9261 4665.075
1804.9868 859.9722 1533.552
1065.4839 861.7809 1552.156
490.8366 863.9177 1947.913
1741.4574 874.9418 10037.64
3847.3623 867.4095 2459.107
3957.894 872.0976 3745.781
1604.5165 867.0281 1995.914
1034.4841 888.3907 36710.16
2908.0986 878.8917 6591.494
1630.0114 875.0072 4119.862
1223.4742 878.7111 4659.459
2487.0723 881.8356 5843.82
1051.3242 887.7256 18987.7
972.0383 883.0323 6268.99
3828.9646 905.3287 128253.7
2691.2502 905.248 106999.8
1315.4393 879.377 1819.539
4753.978 877.015 1635.044
723.1141 914.6484 625741.1
3697.5271 895.3538 29421.12
4697.2632 885.4476 4909.28
2520.9028 897.1241 19198.01
3375.7534 892.3837 11231.92
4092.2666 902.76 38249.51
2896.4768 902.9219 27139.07
599.2549 888.0569 2372.145
211.1115 888.4557 4377.074
241.5035 911.3823 91208.94
3239.0176 894.9032 6910.882
2081.6638 892.4077 5637.024
2756.6843 890.1191 2614.11
3105.0061 885.0071 1485.001
2625.1069 892.057 3855.368
2534.0234 888.0089 2130.827
4417.29 898.7103 7448.265
1709.6779 896.3737 6211.653
15.3379 910.343 25106.18
610.8644 893.5593 2737.116
3459.2471 930.1743 45767.16
2831.9453 913.7788 47511.96
930.9471 899.5702 6125.89
2779.1187 894.4833 2141.54
256.8339 895.4653 3029.008
809.7267 921.485 64423.91
3307.8433 899.943 2806.333
1510.7572 897.2862 2848.125
4485.168 918.5478 27200.69
1455.2009 908.7824 8133.663
514.9872 900.1686 2065.917
901.9813 913.8613 6149.974
827.2401 965.2861 2069840.0
3270.012 952.3318 205631.2
187.5038 935.2578 49321.8
3828.0876 930.6447 19211.96
4491.2056 928.4249 8864.078
1559.1168 924.5207 4845.975
232.2021 942.3343 67322.02
2177.4871 924.0337 4217.229
3640.1116 942.0272 32678.06
2507.6223 931.027 6143.529
2563.4028 1498.0559 4914706.0
2874.8352 944.1967 29049.86
4698.106 950.5351 49136.27
1011.4759 934.405 7916.4
3091.5664 934.1045 2320.812
3081.8701 942.1855 8230.046
1696.433 946.5967 16721.04
4114.5493 937.8383 2469.262
4562.4941 935.3058 2480.429
3220.2773 949.6098 9434.875
3441.0024 962.6934 45272.72
636.9678 943.4094 3882.247
1799.015 944.2948 3749.179
2253.3518 941.3947 2433.062
2071.7761 961.9756 57872.57
3826.0166 949.9776 17205.32
4299.5283 942.5147 1981.409
3229.9702 983.1001 31153.67
4772.0996 943.5925 2771.374
3498.4001 952.0685 5472.099
1673.483 950.1987 4180.657
2551.166 946.9956 1806.247
3318.1714 965.2919 18214.03
1911.0178 960.3881 18237.88
959.0471 953.0758 4410.007
4088.3191 978.3124 82376.29
1219.3469 973.5079 71644.24
4730.8042 961.1347 9326.654
485.0852 961.5618 11527.63
1882.6121 964.6342 17558.67
3832.8989 955.7548 3190.275
2109.2483 970.9535 19257.6
4383.9092 958.9233 3174.641
534.3831 956.6264 2034.567
3532.0281 954.0061 2078.805
738.5925 958.9346 2953.669
662.4765 979.3434 113332.9
871.3488 972.1223 18669.92
127.887 962.3747 5064.141
1535.8573 970.5083 16743.39
3194.1753 963.5323 5724.912
4354.0923 1000.3615 1095372.0
58.4767 966.9959 7089.212
3353.261 974.1929 10811.68
1956.3422 978.3955 30021.63
1785.3832 963.631 2049.892
713.1837 962.9976 1576.481
2523.4775 972.5881 5913.725
3450.8545 990.1266 61756.96
3742.9124 983.4865 19374.51
875.903 997.8234 261699.8
1144.8586 981.8948 10330.44
1286.0109 979.1886 4997.764
4732.8579 991.1437 21532.61
1364.1305 995.4612 37595.41
2088.395 987.3863 3997.214
4003.6765 1014.3145 115153.0
4606.5942 999.9734 13748.34
4705.1611 1009.5735 52717.35
2444.342 990.9839 2689.55
3484.5339 999.9624 9859.12
1823.0248 1002.1359 19646.51
4249.4028 1000.3495 9672.937
2562.4607 1012.4183 62087.29
2835.1145 1000.8607 8304.398
4182.585 993.3915 2093.269
88.636 993.4193 3619.794
3405.2798 997.0277 3381.948
3106.2542 1001.3821 4874.833
1402.4933 999.093 4505.714
3870.3933 1004.2841 4305.022
1236.911 1023.497 150978.4
827.3056 998.1274 1423.397
3265.5396 1027.9628 106226.0
2071.1238 1012.3005 12727.02
203.6866 1024.0082 44076.69
3514.1042 1006.9387 2553.699
3222.0713 1013.0427 8713.071
4100.4746 1006.4706 1958.68
2908.7097 1017.3879 12586.93
4273.8677 1011.8889 3815.409
1511.0613 1020.0856 7195.798
290.5342 1023.3768 19738.25
1961.9978 1018.3173 6356.682
4650.4741 1037.1204 50607.11
2337.2759 1020.6728 4378.237
516.343 1020.4601 8654.161
1067.8711 1016.5991 2826.851
706.4412 1046.7908 186426.2
591.4424 1055.1941 157321.6
1527.0695 1027.9254 8331.474
4169.9966 1018.0091 1501.263
1084.9999 1023.4741 2581.006
4513.9507 1061.3159 176899.9
57.4989 1026.4993 1853.843
1006.1539 1032.0071 4352.105
3043.0996 1032.7482 2833.659
1995.8593 1041.1521 13940.01
4078.9731 1037.6305 4015.826
2299.5667 1038.6368 4772.585
2086.2454 1040.9384 8393.76
4210.5869 1054.1439 48514.38
2741.9856 1033.0269 1724.262
2721.8201 1045.0291 7386.064
3647.1189 1041.1704 3026.081
3863.4697 1055.5787 16172.79
934.8107 1070.3118 347368.8
2777.4978 1041.4606 1929.397
1025.5723 1046.2507 1921.371
4332.8706 1067.2913 50016.87
2319.9836 1055.663 7305.967
3552.4363 1049.2704 2269.343
2849.6047 1060.0996 5834.584
2086.3154 1077.4983 127306.3
1217.2906 1060.7891 11263.43
522.9109 1056.7081 3002.484
1081.1006 1059.2518 6111.474
4122.9336 1061.7291 6523.513
3580.8792 1059.0873 3027.854
4669.3911 1066.4321 9311.415
1601.8561 1081.5229 48446.0
905.6678 1061.3436 5148.386
3925.9724 1059.7072 3273.562
577.0717 1067.4227 11126.25
4355.3525 1058.6188 2132.52
2608.2258 1079.6858 5564.507
3332.8057 1060.5758 2930.597
851.1476 1075.0977 21429.59
1817.3738 1058.9142 1816.882
354.992 1073.9591 6319.794
475.8362 1065.0059 2106.178
1670.8496 1075.7137 5902.345
1369.4391 1083.6851 27093.24
4058.7771 1071.9569 3764.563
3088.907 1075.4983 3812.999
1913.3894 1076.6041 5172.881
1997.1687 1101.7445 212857.5
4436.2227 1074.7078 3217.162
2566.0955 1075.0796 3865.457
4480.4185 1086.8562 16466.44
2020.9822 1082.8018 6951.529
427.6848 1099.4979 143883.2
4622.0996 1083.0966 6388.393
782.3774 1081.2659 4032.75
2499.7297 1090.7882 11136.6
608.9506 1086.0594 9209.705
3138.7798 1076.9905 1707.667
3877.2214 1082.743 3292.488
1896.127 1084.2452 2909.624
2536.6228 1097.9351 20757.63
4395.4712 1085.9713 2569.545
2585.2761 1096.196 10945.71
1726.4813 1092.3116 6457.87
1300.082 1097.2611 11442.45
1490.9764 1101.8502 35616.75
2070.3877 1112.4949 6984.425
949.0101 1096.9514 8564.005
2246.1448 1096.049 2417.869
4112.2715 1122.1757 133926.4
1569.3998 1097.7921 2977.753
342.5581 1109.636 12830.47
1575.8566 1104.902 4720.062
842.7568 1102.2979 4007.782
201.5527 1117.2754 9852.021
970.6304 1106.4716 5756.276
2033.7649 1107.3265 5867.329
3024.6392 1101.9127 1764.026
550.8267 1113.2693 8114.082
4541.6895 1108.9386 3303.539
4618.1426 1107.4254 2149.412
2155.0132 1118.1849 12832.56
2889.9233 1111.1169 2425.966
1248.2483 1112.9031 4964.843
3154.0127 1108.9958 2162.382
4096.1841 1126.1392 20535.57
4224.438 1119.8409 10455.68
1833.0663 1115.9161 3370.374
2839.5916 1135.0747 49656.93
4321.0679 1124.1334 11631.79
311.1923 1118.2689 4838.301
2328.4038 1120.8315 4295.511
3007.1694 1116.5383 2440.394
2418.8445 1139.8198 11241.71
4717.2222 1124.0935 6175.914
1577.2423 1123.5852 8688.192
927.1327 1117.7588 2063.603
3940.4753 1153.9266 604705.4
2101.8511 1124.908 6264.405
3813.0928 1130.9346 15013.64
1305.8612 1118.4199 3236.3
2618.2244 1123.7123 3777.367
2250.9529 1124.3812 3348.205
2258.4473 1128.7212 7564.101
2339.4475 1144.4513 53037.21
4704.0356 1142.3268 29903.31
1929.1207 1130.6379 4429.883
202.1886 1136.4569 14407.1
1532.2013 1137.7448 14337.55
1059.3447 1135.7858 9039.69
1413.0499 1146.3862 33441.94
3060.2305 1154.948 79836.77
3313.0752 1140.3335 11874.08
284.6142 1140.4156 12422.94
900.7225 1152.7822 45852.95
3968.7976 1140.8711 7363.356
613.4112 1142.2324 10018.68
4795.2202 1146.3635 13644.92
3879.822 1134.6036 2826.744
4773.79 1142.9564 5658.578
3303.2798 1143.7328 5329.808
3258.2314 1144.1141 6828.97
4733.562 1146.3889 10579.66
2296.7837 1135.011 1751.316
1585.223 1153.2194 18394.42
4190.7944 1145.9651 7497.603
4280.4639 1141.8578 2493.905
2667.3909 1142.9354 3858.88
3907.363 1151.2153 7817.272
3975.0867 1156.2853 21938.71
1679.8378 1153.9049 19260.8
1292.3335 1159.1305 26437.21
4324.4409 1166.8785 53669.58
1204.8854 1151.2921 5554.425
720.9818 1148.4895 2687.327
1198.7893 1161.9469 19546.21
2185.7241 1164.6533 22323.94
2631.127 1169.606 43563.18
494.6772 1149.1244 1453.384
2705.4404 1162.3352 15447.21
2070.8511 1165.1749 9853.725
440.6787 1165.7943 7347.944
4047.9937 1160.4448 2649.534
3254.4761 1167.5931 5266.499
206.4341 1178.0596 16581.55
513.0912 1170.8728 3679.813
4269.9932 1184.0005 21338.29
4614.7427 1177.6816 5422.018
580.9561 1177.8879 7368.075
737.004 1196.8527 124558.6
158.9825 1182.6768 11545.26
403.8772 1173.2872 2673.564
2046.9426 1179.3578 6511.96
1515.124 1192.5475 30473.84
2593.375 1190.9822 20468.83
2615.9182 1180.0447 4158.065
2474.6299 1184.3998 4577.423
256.016 1183.0017 3447.487
2495.5515 1191.1366 10633.24
3894.8501 1186.7947 5152.341
3323.2192 1186.2556 4809.226
4586.8291 1188.2404 5790.205
1486.7744 1188.0864 5056.481
4571.2373 1196.6692 20652.95
1814.005 1186.9594 3749.176
38.8058 1192.3671 7742.535
2764.7014 1200.201 11526.03
2827.2849 1202.7977 22948.8
3123.9766 1198.9868 8430.578
397.9536 1196.7043 4825.956
3382.1055 1195.6172 3392.372
48.3683 1204.1237 12044.7
2956.2183 1217.0726 48785.95
2721.0615 1229.5685 483201.5
3668.2427 1199.113 2842.594
2692.0547 1199.8329 3288.256
863.6191 1205.3738 8069.252
1159.1599 1203.9963 3349.239
3592.5151 1203.9967 2645.715
3526.9988 1204.0925 4039.451
4778.5273 1218.1216 13102.44
1385.3777 1221.1719 33919.8
1610.9015 1223.1221 31556.3
1294.3965 1216.9398 8418.722
4433.0947 1214.5092 5293.995
3507.573 1231.141 44795.99
4653.9199 1240.2822 185488.7
2370.1748 1221.0581 6628.8
3302.9353 1217.1292 3602.616
2029.9755 1216.9993 2705.461
3488.8794 1218.1033 3513.311
3740.3245 1239.2509 16631.56
3018.2964 1237.9845 60225.32
3219.2922 1222.3602 6353.32
338.4646 1230.3362 20113.88
1869.9697 1242.2021 52973.3
4337.3428 1220.3619 2646.408
1842.3652 1241.9731 40467.39
4254.4673 1222.2491 2260.713
3819.5115 1226.8776 3497.978
3119.144 1225.3856 2625.531
1189.3156 1244.5581 60047.2
2057.4829 1223.7866 1739.094
525.4406 1244.839 27581.15
2414.9238 1236.4694 4944.346
1468.6084 1234.3046 3470.133
918.4955 1238.7271 6693.342
1065.9739 1254.4475 40807.65
4522.3682 1243.6931 6251.371
1372.6483 1259.22 85804.14
3956.0166 1245.8401 5575.067
577.2855 1252.6354 18088.01
4255.1279 1257.3298 36594.61
725.7499 1254.4896 22228.15
1833.4454 1264.7699 78484.74
1435.4431 1265.4146 78205.88
3803.1592 1248.4231 4624.788
4270.7915 1249.3528 6216.256
2272.563 1248.6405 3431.916
979.2764 1255.0125 5729.181
3276.5676 1265.4927 23042.61
268.0945 1254.084 3748.764
516.8335 1268.2306 30801.73
756.5197 1276.2223 87732.01
1822.8408 1279.554 122936.4
2368.6638 1255.6 3176.71
4580.4663 1278.8195 40181.73
3303.5928 1278.1067 30584.41
3132.5317 1273.9053 12108.47
3893.9021 1264.7321 3278.107
3450.9121 1263.6288 1784.764
241.9633 1285.3459 62519.85
4339.6157 1289.6213 75088.39
460.9481 1274.0433 8541.769
1346.79 1277.2279 12049.12
4621.9976 1293.5872 9391.818
3160.4131 1274.1555 4321.866
1477.6371 1279.2676 13348.12
326.9478 1274.2599 5158.281
2305.3245 1269.8621 1466.297
1628.9136 1289.5558 40624.24
1731.5298 1287.9347 25950.71
3759.9683 1291.0126 25406.07
4685.0605 1296.8186 50138.95
1016.3076 1276.223 1952.79
2387.0234 1306.2317 158526.4
2051.8311 1281.9884 3652.347
317.7018 1281.8665 4182.723
3514.8174 1280.0084 1832.236
4524.6162 1283.384 2200.439
1743.9838 1296.9325 14600.27
4799.2231 1285.4851 2172.905
4042.395 1314.0262 164996.2
4323.9951 1290.0551 3356.018
2988.1475 1312.8188 95934.52
198.7214 1326.1128 980029.9
4498.3105 1301.8131 18779.88
3896.4048 1309.9025 45185.77
686.9822 1288.1659 2094.191
2227.1682 1293.7312 4085.782
2118.313 1291.5804 2506.58
4633.23 1319.6401 124436.0
4774.0244 1298.0139 3701.663
2436.6748 1319.431 45883.96
414.9954 1313.2915 15332.12
2873.8254 1311.8257 8518.364
4146.0229 1312.4467 6642.541
3117.6426 1323.4479 15551.55
572.0576 1329.6191 35154.03
50.4386 1323.2354 17081.44
4482.1885 1325.9514 10931.53
1995.8921 1322.2146 6690.354
3035.3093 1314.7617 1942.758
4450.019 1324.2852 6735.439
1200.9961 1316.1311 2221.708
2543.9229 1327.0093 8852.697
3645.1082 1353.3334 33104.7
2275.6965 1323.5886 5843.543
4496.8823 1324.3854 4966.256
3075.7661 1322.9415 4182.26
2221.959 1335.1421 18346.59
668.3403 1327.766 8873.576
1697.7031 1336.3386 19584.02
3665.0676 1326.5012 4259.413
4267.7979 1345.1267 41187.04
2859.4062 1355.438 194174.3
3881.5552 1349.9276 22332.67
4323.0923 1326.6819 2050.744
1669.9236 1335.1315 11248.88
893.799 1333.6198 5864.024
302.1985 1331.9834 4602.989
2122.0972 1346.0911 27671.53
1120.2062 1336.3328 6310.106
4252.2363 1349.5735 20519.63
3737.2104 1338.3628 3004.428
2109.4446 1344.2838 6371.689
1090.4735 1360.0027 44984.04
1193.2986 1377.0614 779414.6
4638.5737 1343.061 4279.323
2846.312 1342.7524 2529.621
772.838 1350.9951 9163.785
363.4818 1356.7201 22449.97
2208.8931 1371.208 115137.4
3623.4702 1347.8447 2352.436
4224.1016 1347.7693 3111.768
2206.5344 1352.8862 5216.38
3244.418 1356.174 9524.564
677.4387 1350.0569 4315.165
3852.9307 1351.983 5239.672
3523.3796 1362.2535 13943.59
3222.9548 1353.001 3775.442
2779.0764 1367.4584 33179.4
2584.1025 1359.7811 7573.929
2289.9963 1360.0051 14388.11
76.2685 1363.085 13441.76
1994.0497 1358.6711 5535.954
3786.5901 1365.7314 9481.371
3047.1904 1381.0387 72993.1
4463.5996 1361.2605 5404.753
3757.9111 1381.0789 65886.29
1461.9077 1361.3816 2717.012
2859.1538 1422.4458 506601.2
3676.9988 1370.9757 7730.094
3960.4258 1375.8314 13718.85
1337.6478 1370.9327 9894.554
4126.4321 1377.2777 11106.58
3065.0752 1377.9502 7269.916
551.3798 1390.7238 52957.73
4587.6538 1369.8678 1460.364
3485.3335 1387.9972 23217.39
4569.8936 1390.4608 43473.26
2063.9768 1382.8591 10380.38
4602.7642 1388.3809 11176.29
1825.3241 1399.9376 53331.84
2411.7634 1387.9998 10746.95
3929.7322 1393.6655 19230.38
1107.2336 1384.0657 3653.647
2332.0049 1385.0477 3794.788
2839.6467 1379.8756 1609.737
4181.1914 1397.9597 23255.4
1148.434 1386.9391 4233.394
4640.1406 1402.298 18491.55
1243.9965 1404.4429 33130.96
4435.2515 1396.0684 7404.529
2283.1826 1389.1781 1818.206
3788.4575 1402.9518 14731.76
750.2985 1420.6539 390284.9
1307.4543 1402.7161 10793.13
3138.1853 1403.3666 13097.81
386.8292 1404.504 19362.81
4362.7881 1418.3488 95205.45
2153.416 1399.765 2108.66
1846.7164 1406.4114 4981.68
3323.1892 1423.0745 47714.65
3543.9561 1408.6366 6254.608
3671.2852 1411.7112 6861.917
3298.0173 1404.9917 1660.563
2543.6177 1415.9911 9466.538
1421.363 1434.7549 116149.3
4507.9297 1412.9956 4839.941
2743.3579 1412.6105 2137.877
3428.5825 1423.0795 14017.77
2023.2024 1416.9086 3663.41
3689.2556 1433.5182 24456.3
2993.4414 1426.5061 8830.968
734.7415 1426.2314 8987.298
1218.6467 1429.1333 15720.7
1357.6978 1427.0396 8080.659
382.8032 1427.7865 8644.363
4531.0146 1419.9833 1667.274
4025.8074 1426.5953 3995.793
915.8213 1422.0907 2056.535
1337.5183 1440.3031 19994.76
4213.9805 1422.9918 1601.848
1197.6583 1530.2058 234895.1
949.1783 1437.3167 6346.28
3842.5459 1437.3424 7443.904
493.476 1432.4841 1878.951
3875.9658 1435.1385 2216.875
553.9095 1461.3749 47711.72
4648.7485 1446.1753 6503.242
1832.1151 1444.6616 4250.06
4566.9468 1446.5352 4892.589
46.1089 1443.8552 4574.893
4319.5332 1470.3269 118700.2
3321.3711 1463.7501 33715.55
2029.6306 1446.535 2861.898
1376.2213 1469.1982 99415.38
32.5681 1470.6827 62616.46
973.0196 1451.1136 4622.172
1303.7612 1460.1304 13674.64
807.6931 1455.1729 6466.596
1003.0597 1453.9991 4777.029
3198.3667 1462.2456 13382.47
3171.8118 1457.3784 6043.758
2261.9434 1479.8795 110099.6
3357.8586 1467.7922 18361.59
2988.0903 1464.0026 7350.15
1876.5289 1463.3827 6471.885
1499.3467 1468.2289 7596.552
1767.939 1475.4254 21329.32
1544.6049 1476.5637 18366.94
3180.5972 1491.9747 222655.3
3489.8855 1484.6072 15954.94
1150.722 1485.3104 10698.52
503.656 1472.8951 1834.219
4526.0776 1488.7369 17925.06
4041.2231 1488.6025 10559.92
331.1046 1486.5125 4700.57
3079.0137 1489.8751 6574.55
2073.1187 1506.0555 79508.55
1596.8356 1490.5992 3687.294
4538.9858 1492.3322 2803.797
3846.22 1525.8215 577091.1
2334.7219 1497.4722 7895.269
3239.4883 1502.0643 8984.1
2125.5928 1500.5249 6904.739
3301.9236 1504.973 5432.784
3153.4229 1537.447 787355.6
3523.5608 1524.9614 100860.9
1687.7318 1506.2628 5661.259
1444.02 1505.0026 3662.169
982.929 1507.0718 4488.766
3811.614 1508.0045 2686.992
1769.4742 1508.7238 3519.379
1635.0516 1516.9761 7923.404
4601.2261 1531.5548 50263.37
631.649 1515.1606 5151.413
3543.5684 1523.3824 14114.78
2826.731 1524.7437 7794.633
2512.0439 1520.9957 3545.325
1045.2684 1519.3499 2561.096
2136.3491 1520.4406 3015.75
3659.3591 1520.3876 2477.676
4436.4482 1525.2241 6151.833
3599.5203 1519.0013 2175.005
1627.3474 1537.0623 21242.01
1027.9751 1522.4928 2532.691
2243.0891 1527.8191 3592.158
1498.7097 1527.6765 1623.261
1769.3116 1552.0437 45162.26
3596.2996 1535.3572 7435.166
4030.1423 1545.0231 27008.13
624.39 1535.7205 6936.52
2345.687 1556.027 93582.98
912.7861 1537.5303 8716.961
3913.7463 1550.7096 27304.38
1809.6171 1532.1133 1823.154
20.1572 1541.8313 8681.111
3215.6521 1531.8868 1599.229
3283.8501 1553.2102 19413.32
1002.6491 1540.6078 2111.834
2033.3936 1542.6136 2209.001
1112.6654 1542.7338 2401.826
2496.6501 1549.9038 10075.85
876.8464 1540.9923 2286.16
3508.3931 1559.0709 19641.29
3318.511 1559.139 10379.69
1240.5325 1558.6672 7315.816
2856.0271 1554.6144 3385.52
4036.7341 1561.9333 6231.868
3091.0251 1552.0138 1797.93
832.1278 1560.6288 6118.246
2267.7312 1564.6683 9298.483
2252.8752 1579.2631 87975.43
535.0757 1573.9916 24155.97
1133.0039 1560.3361 2909.495
2083.647 1587.2219 141710.2
3632.8508 1569.6267 4087.656
190.025 1571.9656 8421.142
4788.3345 1575.4979 8455.257
1135.3407 1572.9182 7252.412
3109.0803 1591.5778 20149.08
2287.8977 1567.4156 3335.965
3990.7488 1574.7069 6758.078
4283.7075 1567.693 1687.904
922.9072 1573.5626 4629.503
2451.4688 1598.5447 369914.3
1558.9891 1571.9762 3532.515
2192.6064 1581.2217 9425.576
3039.1123 1586.2296 20716.27
3654.1907 1574.0421 4253.51
4489.0742 1583.6914 18347.05
3595.4678 1576.3807 5934.74
3374.3269 1604.8291 207685.1
2722.2073 1578.1803 5941.032
474.1263 1590.2191 19918.71
2441.4705 1575.7383 2234.023
2957.4014 1576.3425 2469.834
4153.606 1606.7667 177840.4
3191.7236 1592.6606 13210.24
3178.1301 1598.3573 19709.95
4459.6782 1594.3512 10432.19
84.5317 1594.0342 7612.67
526.0735 1599.3782 12010.36
4503.5366 1589.7334 2416.375
3788.6687 1602.8285 12419.33
2229.0046 1607.1096 40383.52
1785.2909 1599.8102 7880.289
3735.9568 1594.9414 3479.552
4016.3564 1605.8889 8237.097
3654.3596 1600.8765 4039.931
3595.999 1612.1765 4718.745
3208.9575 1613.9434 5109.229
1982.4183 1611.389 2479.571
3039.8301 1616.0424 3525.873
4238.6421 1615.3738 2077.589
3512.813 1619.0154 3635.437
468.9896 1627.3796 11446.84
2124.6367 1630.5115 16271.94
889.1453 1632.1377 20050.38
1591.1039 1628.9891 6738.243
3442.8069 1639.1042 40764.21
4208.377 1630.6791 5515.25
2425.7891 1628.7596 5124.017
925.0151 1631.9563 9409.64
3681.6355 1651.8662 157378.4
1130.0123 1640.0886 20668.15
3371.0251 1632.9318 5553.627
1589.3846 1640.9401 12179.56
2577.7271 1647.9937 24469.83
3403.2551 1647.9808 16421.57
4545.8535 1644.28 9589.739
3281.5078 1641.8744 8038.958
3888.813 1667.3907 543946.4
3977.4966 1636.2782 2286.888
673.6683 1653.3138 52294.11
418.0638 1647.0796 13072.56
2220.4414 1641.0593 3623.389
2162.5515 1647.2681 6878.387
3868.1841 1644.9929 3909.243
2128.709 1645.7456 4156.358
2097.3835 1657.4583 18594.89
4108.4834 1645.26 2343.226
4096.2812 1645.5424 2343.311
1870.5223 1663.9718 37084.36
164.6439 1656.8182 13244.33
1971.8773 1644.9194 2602.954
1388.4912 1658.5941 12745.22
1255.8461 1652.0093 3490.606
2390.2651 1654.4135 4988.381
2558.54 1664.8258 22336.04
4080.3374 1651.8551 1444.208
2731.8857 1664.8495 8717.084
4173.3296 1662.4875 5596.577
4153.6738 1670.5076 15852.51
2166.9817 1674.1564 22039.31
4418.4736 1664.6469 5324.881
24.4356 1664.4044 4175.62
1383.897 1682.9667 105763.3
3958.0012 1666.0555 5350.681
3901.4412 1698.6445 435034.5
1958.4095 1670.5874 4744.354
2797.3274 1704.0292 44954.04
1790.9167 1666.3903 2410.823
2848.0522 1670.0908 2757.242
3329.3567 1670.0509 4391.281
4397.1504 1668.1565 1902.26
595.3652 1668.6006 2065.991
3529.4998 1686.7626 33138.79
3987.4578 1688.7137 37093.75
3597.6599 1673.1813 2342.083
573.1937 1681.4037 13492.59
3455.4893 1671.481 2017.705
3660.3545 1677.6196 2114.449
196.6095 1682.2075 5712.271
4615.5562 1682.3856 4890.79
2011.8969 1683.3962 6819.209
2442.5474 1689.4603 8793.597
2147.844 1704.1039 94560.52
3752.7329 1706.8403 111105.7
3790.6411 1702.4939 53813.54
3360.2834 1690.7428 8654.971
885.7687 1694.3942 15003.37
2027.6509 1703.5969 56522.41
984.0342 1696.4364 12743.41
1597.5226 1695.1108 7051.608
3445.3889 1697.3748 9598.377
1773.5394 1735.9557 1347534.0
4537.3604 1696.6238 6544.151
3554.5725 1717.2654 160683.7
237.0494 1702.4154 14890.38
513.5253 1700.0084 13951.69
1749.3273 1705.0719 27640.48
2280.7559 1701.2109 6231.529
524.686 1725.8087 433428.0
3506.9575 1699.8026 3794.219
826.7657 1697.6448 2242.244
1665.7864 1708.353 13097.08
4383.0073 1696.9965 1430.201
4302.3501 1699.6121 2061.776
3765.6448 1724.356 37676.64
3329.001 1704.0012 3333.093
1142.8469 1704.7937 4165.352
4261.3354 1709.6345 6470.868
770.4823 1703.4788 2287.85
2696.9829 1700.9923 1665.321
1677.5482 1709.3495 6275.611
1571.9518 1713.4056 9850.562
4702.4653 1723.645 28593.64
4282.7637 1730.4172 31622.01
3828.8511 1735.9568 160336.6
298.9575 1716.8717 10221.84
2249.8394 1739.6152 357065.9
4405.1792 1722.8862 17971.08
348.0241 1714.9803 4859.516
2152.2161 1727.949 20965.06
4034.1182 1717.9558 3927.357
280.2496 1747.7599 362092.3
3595.0249 1714.0052 1545.655
2563.9739 1719.0017 4301.272
1645.8983 1723.4202 6033.056
2444.0134 1726.423 7565.082
4525.9775 1733.2244 7698.508
2006.41 1726.3749 2773.239
2737.3843 1738.3254 4918.445
906.5261 1755.084 82608.61
1873.5037 1734.7472 2345.94
775.8207 1735.8107 2556.225
3068.4565 1736.266 2212.86
1806.0857 1752.288 20282.24
4202.6353 1747.5018 10230.65
3012.8813 1751.7716 24675.63
1750.3414 1749.3561 11556.87
2296.0894 1739.5851 3111.2
2607.8547 1750.8218 8406.671
711.6083 1751.0168 7066.797
3835.406 1754.2604 10033.08
2693.3413 1754.3212 14180.53
4253.127 1761.1989 23798.76
3684.304 1750.8029 3803.675
3865.2952 1774.5892 82829.92
4197.0718 1764.8512 16849.78
3459.1597 1756.6974 3603.859
1073.9323 1763.9249 5851.507
1674.0774 1762.4089 6606.251
4661.0127 1763.4303 4896.107
2012.4845 1763.4666 3270.713
4532.7603 1776.7416 15040.57
3338.5747 1781.1401 20924.37
3252.9858 1767.4744 2526.733
2933.5083 1770.9135 4430.268
50.0781 1770.9116 3571.81
1819.6482 1775.4326 6386.083
2508.6543 1803.7087 261122.6
887.9887 1788.0063 24224.83
2882.6296 1807.129 449906.3
3001.1194 1776.6566 2858.126
1801.1586 1779.2479 2840.741
4386.8218 1792.1732 19887.09
4798.3896 1784.886 6061.697
1048.0137 1785.9744 12413.89
4741.4771 1791.22 11793.86
3443.9707 1794.277 15356.27
1931.9363 1793.1915 14163.06
1815.7572 1790.5768 7094.437
3774.8652 1803.6228 27622.77
2005.6969 1798.9335 20055.24
3828.615 1792.6772 4810.083
3897.4067 1787.3635 2467.779
4652.4629 1787.4553 3283.66
373.9563 1803.3182 26416.49
1414.6776 1796.1754 7491.989
3133.896 1803.2433 17998.74
3084.1714 1794.2144 3321.533
3623.9392 1794.052 3349.936
3632.0894 1821.3674 145322.9
1489.7837 1794.3284 2410.846
4212.3101 1806.5464 13155.95
2700.8518 1801.6343 6419.769
3674.0962 1794.624 1753.587
3063.9944 1814.7742 38758.67
4237.9849 1802.1608 4578.45
3096.8691 1805.8754 8719.703
4529.9741 1805.67 8199.97
958.9427 1801.7532 4599.046
2271.6775 1810.7153 10861.56
563.96 1810.319 10338.78
2829.4507 1808.8398 7371.775
2945.4626 1804.6964 5674.886
4345.688 1828.8405 175349.8
3446.9924 1826.4973 69977.84
4319.9829 1800.0123 1395.2
4448.7856 1816.5941 11740.33
2688.8049 1814.5358 11838.03
4589.4766 1810.3618 5347.675
2628.6177 1813.3623 4529.098
4616.8164 1823.7307 29792.62
123.1148 1811.0303 3416.212
2798.5085 1818.1395 13413.24
4370.5498 1820.9397 11724.66
3063.936 1842.5854 323252.8
3102.0569 1823.1862 11027.34
3868.126 1818.2012 5801.197
1723.0084 1814.022 1862.943
4429.0215 1831.1985 20932.5
2110.5955 1833.2169 19141.02
1523.9963 1819.4916 2577.852
529.9047 1819.3292 2105.108
3787.5129 1820.5229 2301.169
2861.9973 1822.6461 3007.458
3286.2849 1830.7155 6889.641
72.7618 1828.4054 7015.979
4518.5405 1825.8868 2908.072
550.9916 1826.9921 3521.464
1638.3992 1835.2418 10552.73
3795.3679 1853.153 127393.9
4015.4773 1845.4469 39308.88
3831.4607 1836.2299 14325.04
2042.7101 1837.1935 10268.93
450.2195 1847.2 57083.57
1118.7247 1835.8486 5012.184
4143.9028 1833.7192 2885.024
1732.6169 1846.835 17201.83
975.1001 1840.589 6603.673
2983.0652 1860.6765 113722.8
964.1508 1845.811 7883.491
2732.5867 1844.6273 4938.218
2841.3926 1846.9659 4096.952
1560.4174 1860.0571 16162.37
2709.3633 1849.8779 2648.34
2362.7283 1867.9821 39110.77
1142.8464 1853.507 6370.395
443.8747 1873.7043 160342.6
915.3895 1849.3793 2048.619
4300.2754 1850.301 1645.385
789.2803 1860.272 11528.84
3701.4719 1864.7496 18348.27
210.0698 1855.9059 4576.199
4619.8228 1861.5432 6037.871
4775.6431 1867.5819 13795.2
1593.3153 1876.1069 18660.0
281.2029 1862.6372 4592.945
1980.6769 1858.2898 2745.179
1468.5765 1858.3492 2793.833
4792.0947 1885.9053 220358.2
2577.4927 1859.4982 1894.251
2152.3005 1894.2737 419393.5
1544.7197 1872.4926 11005.62
1410.5021 1875.3384 18604.3
3886.6292 1877.4161 9968.556
3428.4937 1869.0155 2702.411
2922.0596 1886.9557 59132.86
1774.4956 1880.1469 14153.75
962.7643 1887.2881 46293.14
3599.0322 1872.8766 3390.711
2220.282 1873.8834 3790.06
1745.9868 1875.9475 3583.733
2263.8975 1883.1599 13341.63
426.197 1950.3646 3228878.0
2734.3269 1889.2819 13400.24
4645.9722 1876.9764 1461.531
3066.0869 1890.1318 11820.75
1590.2964 1892.1265 8236.314
1984.1328 1884.348 2773.062
504.9949 1888.9528 4012.709
950.5275 1892.6312 5080.042
4087.0957 1895.1021 3536.268
418.8233 1900.7917 7681.703
2539.4966 1929.634 24911.02
1824.8848 1905.5723 5770.432
1092.7626 1903.936 3097.59
2986.7568 1908.3633 7679.447
1224.3488 1928.4702 151623.5
4075.2935 1912.2596 4165.831
1536.004 1915.1051 8908.638
1413.7582 1907.3339 2225.842
3563.9365 1913.5675 3821.077
956.6127 1908.3617 2062.208
988.9705 1914.3533 6309.825
4511.9976 1909.5133 1629.967
3539.0156 1916.5634 6470.113
3322.9216 1916.0327 3411.933
4229.5132 1915.731 2348.256
3095.7092 1920.8031 5302.211
2074.8145 1940.7415 131108.7
4754.6636 1924.0507 9564.164
803.2216 1918.8325 4890.026
3292.9944 1920.0063 3330.538
3281.7515 1924.3446 6144.976
260.7736 2005.9348 47708.65
2348.8579 3187.4009 7898173.0
2455.8325 3175.3633 3546.269
4674.3301 3165.1157 612455.8
4141.7461 3172.1997 4475.618
4275.8525 3170.801 3307.419
3963.1938 3169.6318 10097.71
4488.9497 3169.1575 7277.546
1488.2765 3165.3708 35465.17
4730.1753 3165.1172 35967.91
4159.0298 3177.4182 21548.8
3342.5195 3166.5334 5763.407
4420.6597 3160.3062 11360.02
4170.8726 3158.2075 57885.55
4454.189 3159.3503 12036.87
3384.6357 3160.0173 7717.379
2078.1365 3157.6482 46643.1
718.0754 3157.793 234524.0
2695.7314 3153.0491 254743.1
4219.1177 3154.2278 52349.23
3556.1692 3150.7849 16355.48
3356.3354 3148.7986 37248.3
2014.2834 3150.0105 9110.392
3014.6511 3147.772 13251.26
4454.5698 3144.9226 8868.12
500.0232 3144.7529 3808.823
3829.1562 3143.2053 4263.735
2281.5876 3139.5894 19368.87
2512.3738 3173.8689 31898.95
4520.7998 3139.168 2500.835
2553.0896 3132.1824 547910.9
1763.9946 3138.9829 2691.348
4760.6401 3134.6191 14834.4
1573.9202 3135.0537 14048.4
2515.3562 3134.9814 4520.208
3706.6733 3131.4963 3163.324
273.7589 3127.7922 38399.31
3419.7415 3122.9224 35112.83
2389.6289 3123.261 28440.25
2188.2012 3123.0015 17132.75
2286.6514 3121.8904 11610.92
1890.9911 3121.7688 7686.324
4113.9414 3118.981 4628.902
4681.061 3116.886 6819.326
373.7981 3107.5918 285432.0
1979.3772 3114.6091 2456.637
4787.3359 3111.2063 16077.63
3933.9348 3110.7278 4336.896
2540.3064 3110.0081 3331.365
4371.4033 3105.8123 37432.05
1640.4966 3105.7051 35091.66
946.9074 3107.1589 23624.53
1306.1576 3104.114 51274.72
1017.4383 3104.1736 29197.41
2576.4822 3105.8799 2567.175
823.1013 3105.7625 5551.736
3204.2378 3102.7981 17509.33
474.4364 3102.3896 16450.53
2131.9431 3101.3838 16595.18
1873.3147 3096.7183 66973.48
1343.9512 3101.2178 3447.522
514.1775 3099.5652 10817.3
3561.5322 3124.5352 7274.364
64.6325 3096.1414 10447.33
2643.6008 3094.8086 21685.94
2611.2542 3096.8271 3834.751
1212.1388 3095.147 3102.551
3934.5051 3092.657 6995.074
1278.5898 3091.8965 7101.252
363.7286 3090.8198 10167.5
2873.6738 3091.5249 2336.766
2929.3809 3090.3999 2173.77
1107.3674 3085.6189 22856.98
2579.0281 3084.9248 15109.77
741.9719 3086.4233 7231.573
214.3415 3079.4604 296864.3
2438.446 3084.7654 4394.247
3497.7163 3081.1924 19842.24
2958.9304 3078.2444 325559.7
2104.0637 3083.2209 2624.133
4147.8369 3076.8103 147151.5
961.352 3082.9138 1894.765
649.0056 3080.9746 9397.598
3088.3213 3075.9319 124594.0
296.916 3073.5298 417055.2
2397.3269 3072.8154 31796.05
4116.4624 3074.697 3658.458
3604.9978 3075.5085 1874.312
4503.3696 3072.3774 10887.48
34.1172 3070.4165 35070.49
2026.4719 3069.4915 37020.79
2126.4951 3069.0073 3150.073
1582.4575 3067.7915 7004.796
1348.1951 3064.5576 27204.51
1264.7804 3065.7375 7541.041
3411.5283 3061.7161 69489.19
3054.218 3061.7896 12985.15
4261.9229 3061.6953 6502.251
2792.8948 3060.8176 20626.7
4684.9268 3059.0762 14083.75
627.2755 3058.3489 7263.855
909.0477 3054.2402 45366.69
3534.2065 3055.5083 7924.796
4302.9966 3055.2197 7992.702
253.5775 3047.8052 927966.3
3384.6868 3052.9937 7017.555
1297.264 3053.8899 3711.763
4205.5 3051.2703 2279.464
2906.2014 3050.9683 2986.289
2117.4829 3051.0173 2503.269
2740.5667 3049.7488 4585.68
3311.0266 3048.7788 4138.374
622.9382 3046.7705 9521.118
1004.8213 3044.8948 11018.81
794.6459 3047.2407 2415.73
4016.9878 3046.9983 1907.174
2768.8938 3045.1785 3830.829
2137.8245 3038.4639 205361.5
3841.4219 3039.3315 29186.03
463.7238 3039.6931 27083.52
4435.4375 3034.8342 75908.24
866.1899 3036.8145 15417.61
3855.1121 3036.0559 16809.89
2326.2974 3037.8987 3034.113
4711.0376 3034.4866 4065.577
4614.9629 3028.5437 506883.9
1386.6349 3018.1484 3839871.0
2778.4597 3027.4331 52649.89
571.2111 3029.5811 6617.322
4049.9768 3030.9824 1524.428
27.9558 3027.8333 14517.02
1352.9017 3028.4373 3263.577
830.7286 3026.1077 30591.82
3798.4607 3024.6953 30127.19
3698.5146 3023.5381 12940.08
3013.9651 3034.2739 6906.264
801.0703 3019.123 7386.331
2647.9304 3019.0945 3599.684
4382.4585 3015.5691 5428.034
3484.6367 3017.4463 1879.798
2603.3875 3016.5913 2425.823
2675.6033 3011.7446 45324.29
3980.1663 3013.5977 5713.026
2993.5593 3010.5029 15042.17
4783.1343 3007.9309 11976.98
663.5771 3006.8994 24378.42
891.781 3009.1892 2589.97
375.4625 3005.0034 6008.131
2806.429 3003.9595 4001.14
3144.3018 2999.2397 30614.0
2377.6079 3002.3621 2149.661
4135.1113 2996.97 45644.8
4292.5239 2997.1611 8016.875
970.2481 2994.394 13109.79
881.0962 2994.6631 9747.206
4613.0156 2992.7988 13493.23
1692.9623 2987.2139 110461.7
1255.1962 2992.2363 3478.735
3910.5889 2989.9023 7794.226
1763.7239 2987.3086 11197.11
2901.2417 2980.1455 412346.4
68.9988 2985.0369 3265.787
2449.7483 2995.6426 3040.444
4475.5132 2982.1074 4921.204
1868.5068 2981.3442 13950.63
4058.354 2981.6331 2026.558
3122.8159 2980.5261 4703.135
942.0961 2978.0315 30259.32
2986.4036 2978.803 5873.576
1216.4852 2980.4714 3053.604
1348.0656 2979.0925 3450.396
606.3019 2979.165 4212.289
401.6183 2975.4817 10990.8
285.9557 2971.3335 371306.9
1172.149 2974.897 6214.473
1986.5183 2975.0188 4182.768
1513.7015 2962.3826 591577.9
354.0008 2971.5574 12090.3
2300.3071 2970.5898 3145.057
4310.8906 2968.9524 3171.713
606.8225 2964.7542 67368.44
3506.0862 2966.8284 3491.521
2172.3472 2965.6938 8774.755
2969.6782 2959.3049 24255.47
2858.6641 2961.696 2795.881
2613.4866 2958.0154 11608.6
3483.7312 2952.8032 8635.647
3069.4658 2953.521 1982.142
2817.7817 2947.2886 50001.04
4392.9805 2951.7754 1598.938
1942.8196 2951.9956 1752.51
1479.585 2945.2385 35522.44
3375.6914 2947.303 1625.023
3160.7444 2942.0479 90824.23
2396.2903 2931.5852 2774318.0
2019.5356 2944.8918 2771.878
1434.0211 2944.1265 9244.205
1174.052 2941.1553 30636.67
4337.2573 2943.4824 2163.832
3530.9463 2936.1555 357991.4
2503.7036 2942.8267 3935.081
714.242 2943.1033 4517.639
2423.9417 2938.957 9773.207
3423.8318 2936.9761 41558.76
4672.9688 2938.4929 2547.26
4561.8691 2937.4353 6624.222
1639.007 2937.0229 3786.007
1047.3137 2935.6013 9470.754
558.0312 2934.9246 3230.905
4739.8545 2928.498 5910.826
1211.4438 2926.3757 24149.1
3148.0112 2925.4028 8715.244
337.2928 2926.1287 8542.717
3215.9451 2925.0208 8839.302
2337.3669 2924.5945 10699.43
53.8479 2902.4187 5686.28
3640.9084 2898.5654 35820.5
1857.0149 2902.9678 1532.641
433.0756 2898.175 10263.93
3273.1179 2893.967 8631.8
1811.6881 2892.0745 2052.851
1486.3705 2886.8108 9158.606
3442.394 2884.7578 19899.61
1100.1432 2884.4189 14043.95
3305.4946 2484.428 45901.64
1918.6907 2481.4717 193545.1
4591.1001 2486.4006 2711.939
3852.4873 2474.3132 7458.861
2505.9448 2475.1318 4894.906
2383.1157 2471.5952 9263.967
786.1901 2471.0378 12684.07
378.2834 2472.2485 7512.337
358.5193 2473.0007 4042.155
527.3807 2463.2634 5532.58
1834.067 2461.9148 6068.025
964.9742 2448.981 3623.478
3329.5823 2438.7546 27028.91
2262.4883 2439.5344 16689.2
173.6991 2441.6218 2851.105
4675.4507 2438.6003 10017.39
4737.6143 2435.6833 24410.11
1748.4797 2439.2673 2244.623
3848.7363 2436.134 3759.519
2140.084 2430.9756 61711.8
1595.1917 2435.833 2340.441
740.2109 2434.1321 12321.0
650.7275 2435.7207 3167.821
261.3589 2435.1787 7159.604
4720.9507 2430.9541 21203.72
1250.2233 2423.5803 27625.47
1037.5137 2422.7097 16284.2
230.2026 2423.6475 11731.42
2593.4956 2421.6831 7301.837
1133.8251 2423.9863 1796.374
563.4769 2419.5398 22026.6
3845.2883 2380.2322 1889.777
2754.7766 2375.906 45344.45
869.0876 2377.3013 2553.902
180.7796 2375.3525 7748.796
4454.1309 2371.4192 40636.29
2853.9827 2375.9946 1530.652
603.0486 2373.97 9870.437
4711.2583 2368.9326 28104.02
4389.8765 2371.9062 3545.017
3692.3547 2370.6355 2006.718
545.0019 2368.9607 7043.434
4196.7495 1991.6798 23591.97
4677.4761 1978.4128 4409.164
2807.9897 1983.0378 3786.075
4630.0195 2001.0157 1623.721
2104.252 2004.1044 12412.16
3343.2542 1972.1255 2400.044
1820.4622 1981.125 4613.916
2700.656 1976.8547 40641.77
113.7587 1974.2706 219183.3
2068.3376 1989.5723 9199.433
3817.0991 1944.6115 51948.11
569.0982 1984.9149 12412.51
1841.702 1971.3853 8549.811
4376.9199 1956.8685 4989.852
3726.0425 1957.408 94773.23
4186.6567 1980.158 3736.611
3125.1223 1968.7534 3465.433
3554.9578 1980.5162 3303.836
4169.5908 1952.2692 67512.98
2823.9231 1966.0907 3931.592
2438.6235 1962.6407 4697.306
4036.3357 1922.1036 1464.625
601.2298 1957.5504 13870.55
2515.458 1967.0157 169496.0
1965.5649 1958.6064 41808.24
1899.3538 1955.0389 4333.348
3837.8171 2769.9829 6159.421
2170.1748 1945.2638 7246.212
4643.2285 2907.8799 196063.1
1711.4552 1946.1349 15529.08
1090.5876 1963.5491 7673.849
3070.0671 2912.3015 24660.74
1302.295 1966.4825 27676.6
2963.6758 2914.2798 3501.082
2864.1086 2767.8806 3552.475
25.991 1950.1876 1823.535
2152.0503 1970.9756 3277.076
478.3467 2908.468 7040.906
1487.8138 1923.3179 2957.203
3139.3376 1957.1378 10749.89
672.3491 2906.0874 9090.075
3501.3142 2903.6238 56330.38
3072.4546 2800.1152 3480.471
3764.5972 1949.821 4623.216
1944.7476 2919.2781 10343.49
1360.3834 1946.4377 15060.08
2988.5659 1940.8049 4821.878
4586.7554 1940.088 3063.317
2314.9785 2972.0945 7352.555
4684.9546 2920.2793 33061.73
4010.5378 2916.8152 3635.22
1126.7074 1950.3687 14131.68
2602.3 1951.1426 46573.31
1683.9014 2790.6738 5199.765
2391.0081 1937.021 1842.717
3589.4573 1943.6257 9521.462
928.0195 1948.049 7370.842
4135.1484 2920.3484 13427.92
2060.915 1939.0627 3963.952
3565.0913 1937.1702 9005.541
4149.3589 2790.3547 36460.48
516.9907 2913.9905 22386.83
4746.0483 1939.4921 7716.065
4048.5586 1940.6198 1758.489
3341.1772 2913.676 2257.632
4721.854 1934.626 13410.99
554.3571 2923.4299 3112.767
3441.4109 2917.1433 17528.2
993.3022 1929.0909 9738.643
4269.6387 2488.3484 5795.509
4773.585 2911.9109 2815.753
642.0479 2911.1047 9025.311
2693.8242 2913.1951 3316.424
439.3047 2718.8608 57836.06
3561.5815 2696.0271 10367.13
3323.7356 2889.4072 4364.315
257.2318 2906.417 514857.4
213.1648 2802.9729 8327.953
1125.2664 2888.6621 9896.285
2923.0205 2876.9763 1958.867
859.0002 2903.9697 1718.454
4290.231 2890.541 14745.44
4245.353 2872.3706 3458.077
1050.8092 2796.8762 20974.15
2657.9204 2897.3254 1989.299
3456.0054 2809.9622 9013.089
4215.2734 2691.4722 149479.9
734.5928 2911.3098 15588.91
3861.97 2819.0469 5221.845
2956.2427 2790.667 11273.8
775.2037 2796.6318 2175.987
2161.7551 2891.2336 6865.186
2687.01 2794.2114 5449.521
1246.5188 2777.7185 2274.835
2794.4441 2791.5559 22515.54
1693.8506 2834.0417 20585.58
2256.0249 2779.2139 206110.5
4664.6631 2896.2415 5238.116
1610.2538 2885.1106 4225.473
2492.3015 2876.5417 17954.4
1556.6666 2869.9219 1991.765
1131.8871 2852.0483 6288961.0
1857.0427 2604.8186 3329.971
1541.8417 2802.8604 65696.84
3633.3665 2816.8821 23360.48
1449.1223 2875.7046 178855.5
630.3158 2833.7427 30395.12
4049.072 2851.3308 7049.404
1850.9088 2832.6472 1519.33
2881.9709 2876.9597 14033.52
3216.0105 2849.9727 1433.103
63.986 2866.9646 3706.184
2949.6414 2866.6294 28642.83
3244.928 2845.8381 3620.417
4036.1267 2853.0608 3823.146
2422.2754 2817.5227 2248.308
1670.8506 2871.8633 2081.315
4286.1592 2861.0955 8739.76
1287.2676 2877.3193 1656.159
3664.1306 2871.0056 5744.965
1817.7893 2863.3379 2214.364
1615.3682 2868.8877 1886.235
1712.8748 2841.0312 9075.172
669.2211 2847.4263 8282.182
1771.2462 2857.719 302892.4
4257.3081 2849.8262 55581.65
1196.0381 2851.2314 13542.2
4226.373 2837.375 3716.222
321.1483 2859.3508 15302.25
2883.625 2833.3611 2248.854
4606.5474 2855.8687 37634.18
4477.2803 2848.5889 5365.602
779.8705 2848.0789 3293.851
382.1122 2808.7649 511543.3
381.7591 2488.073 30601.33
4771.6328 2821.3455 4465.326
2930.0115 2843.4963 12520.29
1015.0975 2831.7222 3997.64
2037.2877 2816.3865 9165.057
2816.0244 2805.7212 88462.32
3173.5112 2850.998 1982.05
944.6676 2651.3101 30515.54
1058.9755 2817.084 9572.405
3515.4402 2800.9199 67947.55
1376.9274 2606.3562 15137.47
4309.5239 2849.1455 23454.49
3782.4307 2490.2078 5135.352
1035.9952 2844.9702 3732.593
534.1653 2815.9734 4166.195
414.7505 2840.2524 9389.277
1448.1368 2835.8987 44219.75
231.2436 2814.8823 17000.61
929.587 2825.4314 12131.32
810.9255 2831.092 24614.29
1064.2537 2828.4246 88223.33
3747.3503 2820.6875 17516.16
60.0171 2699.0005 1849.943
1970.8489 2825.209 5786.964
4500.5825 2815.4958 10832.12
771.5927 2751.708 12069.33
1743.2744 2815.7627 3281.005
295.9842 2817.0225 112301.9
582.0322 2809.906 5594.079
3906.1138 2780.1204 6451.612
555.1146 2811.0249 4846.051
3178.1328 2817.4146 2702.442
3469.0964 2598.614 8909.947
866.6488 2805.5762 6960.626
900.522 2781.0449 5494.763
709.4062 2603.1377 71387.36
1152.6915 2787.7322 38082.23
2475.1738 2790.4153 3801.341
2770.626 2806.6714 23282.71
980.0458 2710.1829 6663.499
1255.5354 2753.238 7633.691
1583.4719 2750.553 4919.949
2892.8167 2780.8301 1882.883
2190.4954 2768.5073 1933.977
2342.4766 2765.1582 14249.13
3214.8379 2785.3311 107001.8
2724.502 2765.2712 66841.29
864.01 2742.9321 177274.6
2449.5305 2763.0037 206137.4
41.8102 2764.2722 46794.56
1259.9717 2786.0261 1802.112
3879.9705 2753.3652 16501.73
152.5432 2785.343 1494.239
208.6688 2722.8928 1689.473
4008.8735 2765.645 23340.21
2970.032 2790.7866 3329.395
4174.6025 2668.2114 1934.751
3435.103 2735.696 1074145.0
4290.2456 2702.8972 6586.561
2846.6245 2747.8049 12012.01
3303.2429 2769.0657 6253.881
4654.3677 2766.7324 15450.87
3687.5525 2753.9053 3102.685
2383.3606 2755.5242 6000.792
1923.5051 2744.5364 2353.094
3850.8894 2713.4336 2798.163
370.0439 2770.5928 13760.31
3823.1147 2710.2935 2593.096
1377.4069 2726.1094 88562.3
1146.501 2749.1699 105492.6
1775.5703 2729.1438 787762.7
1827.9738 2762.0171 3632.819
3518.4983 2699.9885 1267295.0
3830.1304 2750.9888 20003.16
3135.0212 2751.7764 1776.493
2895.5195 2730.5344 82171.84
1521.8976 2741.239 24371.88
2692.1633 2723.0728 9913.999
1443.6936 2752.8921 7543.562
48.4953 2735.4006 7516.572
993.982 2727.9902 1492.815
1207.1755 2685.1741 676006.7
1184.7448 2715.6775 27218.19
3805.458 2721.5308 79029.29
3192.4556 2713.8186 8803.75
4731.4863 2740.6765 1852.068
1218.3507 2746.6331 3117.986
794.8962 2725.6008 32119.22
2161.4902 2649.9595 20042.8
2164.4602 2729.6768 9314.679
4548.7842 2697.8975 8372.667
2643.0073 2713.0037 2153.292
3711.0168 2705.9719 3391.13
1620.2278 2708.8213 24625.05
977.3928 2669.1985 6705.792
3137.7708 2709.687 6917.41
1107.3717 2710.542 8023.581
4626.6953 2731.1501 3998.006
221.3405 2709.3157 25302.39
1983.8799 2720.821 12357.96
1809.0637 2714.8042 4011.336
1511.959 2722.2244 106337.7
189.9067 2674.4849 4305.985
2372.6011 2711.5691 4833.7
787.5928 2658.2598 6734.238
3469.9663 2683.5786 9633.47
3668.0508 2692.719 15848.64
4004.2014 2696.8845 14697.73
3688.8494 2675.0154 3373.539
1817.0841 2712.0325 4747.041
2498.7788 2695.155 23753.1
4288.27 2666.6982 1637.314
735.4406 2693.7461 7257.209
1330.4834 2703.8389 11889.9
4010.0525 2686.2358 13779.39
3584.2478 2689.6492 159192.1
4248.6235 2697.2051 10167.68
589.8348 2680.0022 3220.928
4219.4736 2641.9983 1944.798
1237.1935 2700.8438 13538.65
1142.5378 2676.0017 3554.219
1294.9877 2700.9802 1424.652
1085.3357 2666.906 1782.943
2666.9202 2670.3066 5911.413
3424.1294 2671.9265 21365.23
3233.2466 2704.1572 74017.69
35.6549 2663.3782 15032.14
3080.9824 2659.1362 11240.99
3011.698 2676.4478 4248.44
2993.3174 2678.8521 4516.784
2061.6467 2655.8577 7384.013
3292.0178 2661.1619 25348.91
102.2976 2675.4275 8081.037
1628.4827 2661.7288 2254.841
2443.9622 2637.8257 84659.05
3092.6802 2639.4885 11038.3
3659.4036 2675.7207 5219.493
3696.4265 2644.8989 2523.003
2112.2957 2662.5122 2394.13
2498.4521 2651.4673 5144.134
3142.9077 2673.9766 3266.54
192.9813 2663.5 2537.846
729.2675 2672.3865 8093.666
1936.2352 2677.5291 3059.395
2254.3181 2662.2598 27323.22
706.5453 2663.6868 8814.164
3256.7339 2625.6611 28401.31
3695.0188 2661.866 3211.264
3091.2383 2654.2798 4714.511
343.79 2609.5654 5198.847
3364.6218 2652.3816 9624.885
1583.7473 2655.2449 93203.48
3116.748 2607.4004 33929.61
2613.7322 2589.3882 12974.35
86.6551 2047.4847 125454.6
3542.5686 2635.3647 119921.1
224.8141 2043.1731 9670.059
4462.0439 2632.0046 6902.239
1848.5278 2636.3076 29921.85
645.2234 2639.4536 20471.05
1811.1311 2614.0327 24868.15
747.1094 2627.7068 9384.053
3616.334 2624.6553 53699.63
2975.6111 2621.9177 4479.095
2558.988 2596.0 3390.477
1414.2537 2599.9226 10187.1
2998.1091 2623.8396 6330.001
1943.505 2628.9817 3453.988
3221.8884 1929.7874 3128.181
2144.6147 2632.2444 5799.114
1106.0731 2615.7563 2456.231
2278.9731 2036.6967 17987.81
4136.6162 2610.5779 5525.066
3874.1956 2576.3135 5115.516
1599.4136 2561.1328 14500.16
2492.5012 2615.5046 1912.094
3175.5605 2539.7627 80540.72
380.8622 2588.9197 5052.412
1092.4227 2580.8618 4289.488
3919.729 2489.2617 14889.97
4040.8083 2597.8 3291.399
283.5665 2572.9385 7972.065
982.8148 2576.8069 3107.054
1989.068 2567.031 8607.912
3679.9333 2540.3462 18675.23
4224.5215 2620.4873 1901.527
2344.9871 2599.2869 31204.18
1527.1232 2570.4214 6060.199
3422.1064 2582.3818 7605.434
3324.8508 2594.4924 6752.846
942.5365 2555.3245 268928.0
3462.825 2547.6409 171213.7
3886.6528 2549.2007 78207.2
3501.3557 2538.072 131269.7
2823.8894 2587.6382 9275.22
2850.5823 2551.1633 13684.42
3604.2646 2556.4546 2737.865
2991.2292 2591.8694 18727.66
92.1408 2563.4373 3861.939
3095.3945 2586.1125 51929.7
1498.8862 2580.7468 34851.47
3020.1965 2533.5889 11407.65
3360.1213 2510.4832 88555.17
2333.9661 2551.0208 1513.167
106.8263 2547.6743 7078.342
306.7581 2542.553 149852.1
4418.144 2545.3391 22089.05
3334.3633 2550.6738 10025.65
4762.9741 2559.5371 4326.44
1675.1658 2569.4458 7281.014
701.8399 2566.7615 5629.232
1409.3235 2557.1194 46576.72
2387.1147 2512.54 15062.66
472.086 2573.9717 3188.673
1915.025 2573.0361 3691.466
1292.4854 2571.031 15947.96
4532.9087 2537.8108 36590.41
1639.8662 2568.5781 34404.73
1380.7823 2535.8547 11360.97
4443.3237 2523.0237 4740.099
4448.0967 2543.6021 3718.362
2611.9189 2560.0015 6360.307
2133.8672 2557.45 6303.311
164.4347 2504.5249 25931.27
3602.1897 2544.7688 7400.417
3648.4888 2565.6597 5037.046
1904.1221 2510.2639 2934.635
2652.2322 2533.2849 4462.581
2518.8008 2492.0574 88404.45
1265.2446 2551.8357 103096.3
4214.0176 2061.0178 5627.457
2189.4641 2556.3198 6035.332
3517.781 2492.811 28166.59
3564.8804 2498.907 7217.204
480.4052 2542.9182 29434.99
3386.4995 2526.5066 2302.063
1174.8082 2532.9822 7905.849
3150.5085 2513.1484 4384.051
3815.4624 2509.835 76873.23
4344.8071 2510.0002 1662.56
4244.709 2543.0774 16241.66
299.0142 2059.333 8404.86
2166.3823 2539.7576 3064.398
3267.4866 2518.9941 3885.885
2261.355 2508.8813 3931.75
3999.6238 2513.8625 2343.241
540.9928 2495.9016 4977.434
4305.6094 2500.8411 107769.8
2606.3716 2527.7996 6351.957
3405.0266 2424.3718 966417.8
4140.3755 2519.7434 4730.163
2538.5364 2500.4617 112068.5
1156.6166 2526.6704 466353.8
2590.9211 2486.9148 97949.5
1027.5149 2527.8 31259.89
4726.1597 2529.7793 4878.492
1968.3552 2510.3789 2432.737
1555.8944 2495.9988 4230.039
1687.2812 2501.1377 5769.064
2082.5391 2512.1992 33235.92
1189.1986 2510.2263 14116.39
3126.6133 2510.6196 3655.829
4672.7734 2485.7207 34969.07
4546.6348 2508.9304 1801.965
2503.1265 2451.958 5292.019
21.4953 2470.501 5083.524
1202.5372 2474.4878 13113.86
2074.342 2473.3643 28285.86
3872.1187 2486.593 2979.291
130.9645 2034.462 2638.246
292.0062 2046.2927 2956.775
175.3099 2491.501 9942.325
3312.0735 2419.5925 18239.37
3880.9814 2104.0269 3274.198
3851.1038 2490.7236 90054.67
2160.541 2451.3503 6266.089
3316.7065 2488.1326 2759.707
4156.2417 2465.7305 179887.6
4054.0159 2464.8042 2065.27
3434.9612 2491.3679 34503.01
2046.3967 2456.4546 21460.43
680.9516 2045.3467 15359.9
3718.8762 2108.3784 2671.034
1767.5126 2475.886 5344.366
649.0037 2458.5554 5404.937
857.902 2467.9041 3158.384
3928.199 2448.7153 6348.875
3069.3374 2474.6919 13861.08
3648.4126 2041.0854 37823.31
3549.1841 2445.7207 19788.99
2962.9465 2452.9143 6638.13
4563.6343 2462.5525 21369.98
1309.6644 2077.1135 6353.901
2219.5063 2453.5059 1935.402
314.5097 2437.7759 3496.269
4103.7441 2451.8909 2875.169
4687.1929 2461.7844 107905.7
3991.2839 2423.8135 2531.743
61.2448 2448.6128 54011.96
1691.7236 2446.3118 1593.585
3958.6943 2447.8406 74267.85
3489.9954 2451.0422 4105.523
2567.6587 2446.1106 1470.98
1218.8572 2429.7727 4036.472
3072.5254 2441.0396 8921.41
4631.6367 2423.085 11174.85
807.4812 2443.4895 2205.536
4323.3369 2082.4661 4301.777
1922.2134 2074.5022 107898.8
2374.9114 2399.0381 61954.14
3380.4812 2112.3633 6453.28
3648.1218 2448.8823 26829.73
3059.7693 2394.4634 21826.07
116.1949 2455.5359 13582.23
449.7928 2412.636 10308.09
2382.9304 2443.5046 7271.571
1632.8958 2420.8743 41237.8
4069.4683 2406.1721 16034.76
3517.9893 2369.9893 1464.507
3988.6677 2437.2324 2480.703
4022.4087 2400.3921 2264.398
2158.9919 2430.9133 3551.589
4584.7827 2435.9028 101818.5
1798.132 2403.8054 3645.126
576.4774 2424.6455 29806.57
3261.4351 2428.3625 3748.629
1830.9945 2422.9976 1515.975
3221.5674 2396.0586 26455.02
3775.8049 2428.9773 1762.309
1275.9181 2380.0427 14898.83
4229.5547 2423.3276 10520.19
1987.1848 2396.3662 12484.35
1691.2263 2398.4351 2546.292
1125.4713 2438.198 1596.53
1968.8187 2203.4778 201523.4
1331.8569 2405.8743 106574.2
3783.708 2316.4492 17451.17
4774.769 2386.0947 190052.6
843.451 2403.9995 4265.462
3367.1753 2378.3467 5675.051
4352.6201 2385.8977 6424.235
987.1524 2410.2942 5029.082
17.9982 2362.0 3299.751
4441.9844 2227.9976 2623.469
25.7988 2351.5625 3915.677
159.4483 2357.4849 3310.7
3472.3796 2407.4387 2371.034
4588.9795 2376.0012 3431.726
1904.7108 2401.5679 4203.625
1754.5879 2382.8809 24869.57
3238.0125 2384.7139 14809.63
4642.8643 2337.6262 4934.855
3150.4822 2394.9402 21584.6
4657.1558 2406.9595 3304.408
4021.3296 2378.9363 7263.977
2687.2419 2390.3357 14511.59
2537.3896 2383.1797 6041.825
2105.8884 2388.0217 67330.33
2944.2397 2385.0044 9760.483
2246.9688 2392.9832 1894.015
2011.8142 2369.9084 2117.34
3517.2168 2344.8613 10544.29
1877.6571 2375.1436 12712.45
1148.0161 2384.2925 32022.49
1137.7457 2365.9832 25691.64
2132.7505 2388.5969 12875.49
3108.1028 2404.1433 3630.106
1794.1534 2380.7341 29345.49
3783.9536 2372.5779 64423.57
2270.2451 1996.3201 44351.17
2123.0073 2375.4443 14904.16
2341.1506 2611.0549 5909.897
1703.4713 2326.2332 86428.26
4151.5513 2361.5979 26675.69
4321.5552 2354.4834 8650.894
901.86 2387.1619 5945.055
4127.8252 2329.1074 3767.955
1056.5264 2366.8606 3792.007
884.467 2337.4717 7048.763
4063.1572 2339.1367 3272.446
1520.7357 1980.1102 9203.814
2191.4766 2357.3635 5078.7
2262.3411 2352.9111 32251.52
773.4688 2370.7002 19406.4
459.4615 2343.1538 6014.522
3251.1382 2359.6008 7529.266
3345.2271 2307.437 33577.64
4700.9795 2324.3267 2895.169
3203.2363 2355.0 7098.868
815.9843 2314.9971 17484.46
3161.9922 2307.0537 3464.732
1461.1868 2060.0288 3126.692
2293.561 2296.1028 2424.893
2900.2341 2325.915 9274.967
2901.9634 1988.2329 17921.47
3576.4849 2339.9434 4203.132
4028.6487 2342.8865 1574.326
3415.0745 2258.8572 3723.452
690.7281 2299.8857 72653.52
2975.7554 2352.6873 6648.453
855.2948 2307.1353 1674.849
1765.1917 2309.5229 106173.7
4485.189 2290.4841 91760.74
4446.1201 2325.7429 8884.777
1075.1444 2328.1411 2403.677
1648.849 2311.6401 2943.437
1523.2638 2294.5388 2269.437
1234.9906 2320.4197 12865.77
378.0305 2319.3042 96400.78
439.0237 2325.0371 7669.845
1731.0316 2343.9939 3604.367
402.6646 2345.7407 2379.438
2385.5325 2325.9326 14554.51
35.4826 2347.3589 8761.044
2711.7236 2318.8818 4409.323
64.467 2309.2087 19206.38
1162.9292 2315.5986 181077.0
4418.3794 2310.9497 4171.963
1868.1783 2321.1426 31365.93
483.877 2308.3665 62609.21
2373.375 2289.0718 12640.85
802.1929 2326.1599 8140.777
4691.7373 2317.4336 14512.17
2782.239 2322.2634 6746.142
1372.8812 2292.7693 4523.756
2057.959 2301.9033 5777.007
3920.8203 2271.7766 19347.77
347.5022 2219.4646 3112.849
386.1341 2291.5317 2331.912
3751.5352 2283.2639 11821.19
295.0843 2313.894 3865.812
1328.8254 2265.8738 3073.611
4661.9644 2311.4238 4346.013
781.6433 2315.7856 414507.2
2974.9873 2308.5298 2505.418
345.6606 2271.8423 75070.38
2641.5281 2277.6165 7975.439
4336.2227 2261.7485 5495.405
3722.1416 2296.1982 3277.197
4673.0347 2304.5369 24576.34
4131.7417 2281.1848 24054.54
3331.4192 2634.251 8398.439
3701.2192 2287.9858 8040.031
3280.0115 2269.3997 13136.42
2885.9326 2269.4714 13826.0
4012.1982 2291.2139 5019.273
691.5128 2626.9141 4593.421
764.8184 2255.8198 1831.655
4004.1328 2288.0361 3944.728
208.1247 2289.2283 14045.26
1819.9468 2281.3999 6781.312
2002.4796 2295.4602 11762.87
4436.2178 2279.5396 1733.443
1881.8466 2271.0774 4279.073
3360.9609 2278.9731 3525.558
2768.0842 2273.853 3203.81
1760.7974 2284.3198 2229.226
4594.8467 2269.8281 3065.151
4599.8584 2254.8972 3487.998
3201.9736 2291.3325 2809.57
4791.415 2267.0752 2910.577
3244.4558 2280.1414 4290.645
349.2535 2296.8599 4743.594
4329.9526 2231.7454 8039.759
3417.7273 2240.4089 10459.91
731.3949 2249.2798 15928.59
1912.8071 2248.1326 91223.22
3051.0918 2239.9187 3455.431
2795.5857 2262.3933 71986.75
2874.7908 2244.9846 12223.8
1046.4932 2248.2659 2259.505
2638.0454 2213.5413 1571043.0
3779.3311 2241.9106 1826.42
4512.0088 2228.0176 1439.203
3913.8237 2233.1555 198452.0
1524.326 2224.7063 9116.446
875.5544 2266.2009 9019.977
4560.2856 2247.5474 3918.177
683.5884 2254.9502 7480.493
3192.1162 2250.645 16690.32
448.8586 2207.1458 51084.05
4534.1943 2240.1338 11280.28
542.6187 2213.0378 10673.96
1535.5366 2634.1643 182283.0
1418.1447 2250.8826 22875.47
4584.6079 2230.5918 2484.047
256.7628 2197.2866 6025.759
1184.9321 2233.6177 91433.72
2343.5947 2206.356 34520.19
2124.8777 2231.3298 1445.252
3791.8032 2226.8086 3274.104
3406.064 2236.6511 4006.912
96.7429 2250.5107 11136.13
4430.1543 2206.7046 11595.22
79.0721 2228.2637 26627.86
2056.1189 2230.3904 290839.3
2668.2617 2210.5996 6691.473
2522.3276 2211.115 1531.053
1915.2491 2194.3604 14369.77
2439.8347 2221.9192 332485.8
1066.8611 2217.3818 5755.586
3006.543 2638.2996 6104.646
1790.6212 2231.0903 1787.728
1996.4662 2161.9358 32030.55
1810.3389 2117.6287 2142.017
1169.5806 2211.7175 27212.76
2589.0461 2206.7593 8960.986
4283.5776 2189.2139 7260.39
700.443 2212.9551 21228.0
2197.0789 2210.6721 4735.749
4673.2969 2220.1694 3061.723
1410.0614 2198.1045 53934.76
2192.0378 2112.4895 83630.59
1344.7524 2650.8428 72395.58
2614.4773 2190.4968 6144.724
4574.3872 2628.4009 37758.66
3402.8318 2093.0146 6276.646
305.6677 2630.4888 10949.65
395.2842 2216.3027 10369.8
4777.1895 2163.0845 874829.4
120.8422 2102.8975 4763.412
3218.6067 2645.5166 15362.33
3970.5266 2200.5166 1921.948
4196.896 2159.7336 145929.2
1834.6523 2168.7681 28166.5
4734.5791 2182.3813 123123.2
812.1271 2202.9861 3029.496
2846.105 2179.9509 2788.405
177.9609 2134.7346 11309.68
3597.3889 2131.7234 23817.68
3893.6099 2643.0188 164821.4
2753.0139 2196.6367 2764.54
364.9962 2632.6709 5092.896
3579.2532 2195.6396 38850.53
2380.8291 2180.8552 2988.406
2601.7085 2158.01 15460.51
4184.3643 2186.9341 5003.654
1360.7386 2180.8843 8088.754
942.7102 2609.2192 13536.18
183.9872 2642.991 2146.394
1952.7354 2191.8408 8162.452
4513.8521 2173.9854 14731.47
3253.0251 2096.4844 2650.952
521.0305 2148.9797 3756.085
4545.4849 2170.9573 6179.151
447.5022 2171.2488 45614.74
456.8251 2114.0125 6281.79
2019.7588 2166.7607 11047.83
2614.2048 2702.6304 8471.051
1240.9664 2132.793 48869.04
4385.9463 2102.0017 3374.268
978.5944 2146.9385 3083.394
888.9107 2182.197 3015.559
3424.376 2144.7812 5136.694
1056.3838 2164.5459 16531.12
444.5903 2130.2747 102068.3
1415.4156 2153.5327 28902.62
626.9812 2135.9927 33707.76
3681.3418 2167.0896 1834.93
2695.7791 2692.0056 7705.439
1156.1135 2156.0249 3135.584
3052.4297 2162.9946 4237.999
4398.147 2149.1067 6991.68
4183.9067 2148.2268 5425.104
711.5627 2172.0381 8171.839
2387.6233 2167.6477 5460.749
4465.9932 2129.001 1519.881
3846.1626 2689.6057 7079.089
3254.6321 2114.3052 3411.106
837.8963 2144.3904 33629.83
780.5314 2139.7246 18546.89
2959.5781 2709.3694 2177.797
3866.1665 2148.1646 2034.542
385.4488 2098.5198 47149.82
2309.7356 2160.4348 17753.13
4282.0176 2166.0466 69165.15
3562.1721 2150.8472 1787.694
4087.3232 2143.3867 6071.101
148.0357 2704.1333 3233.897
3950.3103 2129.5212 135437.0
4117.5879 2683.2537 45499.25
2825.897 2690.9839 9176.345
661.0537 2123.9119 4059.241
59.6742 2086.8669 1402.681
1685.9854 2115.5032 2885.537
3797.9692 2127.7 3995.281
3995.481 2123.719 90771.02
3641.6423 2098.593 18296.7
1661.7479 2118.8638 23972.91
3414.8706 2122.9746 29715.81
1505.0052 2692.0308 5207.213
2786.8831 2131.1047 7741.522
1524.7836 2103.8455 4365.907
1177.5717 2124.6033 47310.38
2982.7366 2101.0642 41181.31
3299.7981 2119.4966 42152.36
1003.6459 2105.0986 1476.044
2040.1349 2115.8606 10618.25
1665.6046 2098.7217 9144.973
864.3992 2129.6343 2140.659
3013.0029 2124.9963 3925.703
1077.6619 2110.9177 54542.37
665.915 2109.9705 11049.25
3656.5176 2106.2524 2295.873
1491.7493 2652.1294 72661.85
173.0027 2087.0032 1974.3
3783.7976 2103.3254 2285.671
1062.9108 2084.9968 11336.95
2647.9458 2107.4307 4306.333
3461.5679 2116.2402 9005.932
758.9823 2108.5132 2596.634
1827.1332 2089.3701 41682.93
1002.1951 2115.123 5990.936
2321.7056 2104.9421 3223.115
1786.271 2084.5757 148630.8
1687.373 2103.8855 8450.147
4759.6646 2110.8481 3251.419
822.4946 2096.7979 20652.01
1878.3423 2105.5632 764407.9
1382.5095 2042.7051 16402.59
4022.999 2083.9988 1496.903
2469.3936 2057.8792 1906.088
1508.8324 2086.4338 12950.46
1100.7936 2100.2439 5863.367
3122.4592 2021.3315 30418.21
2326.4773 2085.4883 31782.72
445.3692 1973.6425 8437.732
4453.29 2086.1165 2901.601
1909.6519 2055.4854 15271.77
2610.9993 2047.0597 3404.122
1107.9067 1963.7197 217800.2
3226.4868 2044.3805 81260.3
3284.7339 2086.7437 69925.47
1151.6536 2083.4995 125752.1
1138.7283 2048.3274 9379.941
4476.0415 2073.6738 108127.4
3138.5691 2683.1665 45206.82
4205.6006 2027.2302 215315.4
796.2407 2077.1875 4699.546
683.4656 1970.7568 9415.142
104.3523 2050.2437 7321.986
32.6656 2650.3958 43108.05
451.6902 2052.3022 8482.905
270.7908 2084.3 6061.746
2890.5642 2073.189 21246.49
3071.5601 2062.5676 8010.602
4346.9165 2031.9845 6566.959
4032.9834 2046.5284 2635.856
469.3599 2027.9539 73925.48
3557.1768 2036.5 4762.304
1846.7557 2030.2716 9045.971
1788.3862 2056.2185 2670.879
2716.6577 2072.3057 5441.587
1209.8127 2034.9807 1670.554
3604.0603 2048.9395 4385.408
4717.8286 2034.6779 16059.13
3630.426 1992.115 5494.867
1664.7158 2040.8142 26434.09
859.4392 2044.4404 24749.8
4334.8013 2047.3494 42542.56
4610.3833 2022.205 92041.23
4040.0444 2064.4268 4049.064
4321.6392 1974.4272 10968.11
4244.1914 2038.4944 5522.729
3448.9402 2021.5757 6657.466
1591.9041 2048.7678 40321.12
4155.604 1989.6915 11214.19
2664.5195 2002.5887 11024.0
2956.0496 2019.9319 3625.001
3904.2454 2029.2645 4270.119
1679.5891 2038.584 6798.369
2745.3279 1974.0646 75510.26
1710.4861 2033.6659 15432.67
1332.6344 2039.1638 3746.196
3842.8726 2013.4836 2408.964
4115.0498 2026.0201 4701.713
1999.4419 2041.6454 1858.376
492.236 2001.7008 16038.73
2696.7515 2019.7365 3073.565
810.6574 2008.1012 1466.317
3946.4854 2010.1893 3685.646
4556.9111 1989.9994 6129.976
915.9702 2016.5013 4855.586
1476.7158 1977.4702 12123.12
2298.033 2014.8975 6280.829
3023.4866 2014.2131 1743.182
3600.8933 2026.6597 1500.297
414.9821 1986.016 7239.567
1744.2874 2021.8843 3744.741
2401.7393 1992.9183 3254.906
2621.8267 2010.8544 3183.49
1815.4148 2003.3557 1775.832
3445.9944 2011.983 14826.24
2856.6187 2880.0552 5277.246
